1009 11
1013 7
1019 1
1021 1
1031 11
1033 13
1039 19
1049 29
1051 29
1061 19
1063 17
1069 11
1087 7
1091 11
1093 13
1097 17
1103 23
1109 29
1117 23
1123 17
1129 11
1151 11
1153 13
1163 23
1171 29
1181 19
1187 13
1193 7
1201 1
1213 13
1217 17
1223 23
1229 29
1231 29
1237 23
1249 11
1259 1
1277 17
1279 19
1283 23
1289 29
1291 29
1297 23
1301 19
1303 17
1307 13
1319 1
1321 1
1327 7
1361 19
1367 13
1373 7
1381 1
1399 19
1409 29
1423 17
1427 13
1429 11
1433 7
1439 1
1447 7
1451 11
1453 13
1459 19
1471 29
1481 19
1483 17
1487 13
1489 11
1493 7
1499 1
1511 11
1523 23
1531 29
1543 17
1549 11
1553 7
1559 1
1567 7
1571 11
1579 19
1583 23
1597 23
1601 19
1607 13
1609 11
1613 7
1619 1
1621 1
1627 7
1637 17
1657 23
1663 17
1667 13
1669 11
1693 13
1697 17
1699 19
1709 29
1721 19
1723 17
1733 7
1741 1
1747 7
1753 13
1759 19
1777 23
1783 17
1787 13
1789 11
1801 1
1811 11
1823 23
1831 29
1847 13
1861 1
1867 7
1871 11
1873 13
1877 17
1879 19
1889 29
1901 19
1907 13
1913 7
1931 11
1933 13
1949 29
1951 29
1973 7
1979 1
1987 7
1993 13
1997 17
1999 19
2003 23
2011 29
2017 23
2027 13
2029 11
2039 1
2053 13
2063 23
2069 29
2081 19
2083 17
2087 13
2089 11
2099 1
2111 11
2113 13
2129 29
2131 29
2137 23
2141 19
2143 17
2153 7
2161 1
2179 19
2203 17
2207 13
2213 7
2221 1
2237 17
2239 19
2243 23
2251 29
2267 13
2269 11
2273 7
2281 1
2287 7
2293 13
2297 17
2309 29
2311 29
2333 7
2339 1
2341 1
2347 7
2351 11
2357 17
2371 29
2377 23
2381 19
2383 17
2389 11
2393 7
2399 1
2411 11
2417 17
2423 23
2437 23
2441 19
2447 13
2459 1
2467 7
2473 13
2477 17
2503 17
2521 1
2531 11
2539 19
2543 23
2549 29
2551 29
2557 23
2579 1
2591 11
2593 13
2609 29
2617 23
2621 19
2633 7
2647 7
2657 17
2659 19
2663 23
2671 29
2677 23
2683 17
2687 13
2689 11
2693 7
2699 1
2707 7
2711 11
2713 13
2719 19
2729 29
2731 29
2741 19
2749 11
2753 7
2767 7
2777 17
2789 29
2791 29
2797 23
2801 19
2803 17
2819 1
2833 13
2837 17
2843 23
2851 29
2857 23
2861 19
2879 1
2887 7
2897 17
2903 23
2909 29
2917 23
2927 13
2939 1
2953 13
2957 17
2963 23
2969 29
2971 29
2999 1
3001 1
3011 11
3019 19
3023 23
3037 23
3041 19
3049 11
3061 1
3067 7
3079 19
3083 23
3089 29
3109 11
3119 1
3121 1
3137 17
3163 17
3167 13
3169 11
3181 1
3187 7
3191 11
3203 23
3209 29
3217 23
3221 19
3229 11
3251 11
3253 13
3257 17
3259 19
3271 29
3299 1
3301 1
3307 7
3313 13
3319 19
3323 23
3329 29
3331 29
3343 17
3347 13
3359 1
3361 1
3371 11
3373 13
3389 29
3391 29
3407 13
3413 7
3433 13
3449 29
3457 23
3461 19
3463 17
3467 13
3469 11
3491 11
3499 19
3511 29
3517 23
3527 13
3529 11
3533 7
3539 1
3541 1
3547 7
3557 17
3559 19
3571 29
3581 19
3583 17
3593 7
3607 7
3613 13
3617 17
3623 23
3631 29
3637 23
3643 17
3659 1
3671 11
3673 13
3677 17
3691 29
3697 23
3701 19
3709 11
3719 1
3727 7
3733 13
3739 19
3761 19
3767 13
3769 11
3779 1
3793 13
3797 17
3803 23
3821 19
3823 17
3833 7
3847 7
3851 11
3853 13
3863 23
3877 23
3881 19
3889 11
3907 7
3911 11
3917 17
3919 19
3923 23
3929 29
3931 29
3943 17
3947 13
3967 7
3989 29
4001 19
4003 17
4007 13
4013 7
4019 1
4021 1
4027 7
4049 29
4051 29
4057 23
4073 7
4079 1
4091 11
4093 13
4099 19
4111 29
4127 13
4129 11
4133 7
4139 1
4153 13
4157 17
4159 19
4177 23
4201 1
4211 11
4217 17
4219 19
4229 29
4231 29
4241 19
4243 17
4253 7
4259 1
4261 1
4271 11
4273 13
4283 23
4289 29
4297 23
4327 7
4337 17
4339 19
4349 29
4357 23
4363 17
4373 7
4391 11
4397 17
4409 29
4421 19
4423 17
4441 1
4447 7
4451 11
4457 17
4463 23
4481 19
4483 17
4493 7
4507 7
4513 13
4517 17
4519 19
4523 23
4547 13
4549 11
4561 1
4567 7
4583 23
4591 29
4597 23
4603 17
4621 1
4637 17
4639 19
4643 23
4649 29
4651 29
4657 23
4663 17
4673 7
4679 1
4691 11
4703 23
4721 19
4723 17
4729 11
4733 7
4751 11
4759 19
4783 17
4787 13
4789 11
4793 7
4799 1
4801 1
4813 13
4817 17
4831 29
4861 1
4871 11
4877 17
4889 29
4903 17
4909 11
4919 1
4931 11
4933 13
4937 17
4943 23
4951 29
4957 23
4967 13
4969 11
4973 7
4987 7
4993 13
4999 19
5003 23
5009 29
5011 29
5021 19
5023 17
5039 1
5051 11
5059 19
5077 23
5081 19
5087 13
5099 1
5101 1
5107 7
5113 13
5119 19
5147 13
5153 7
5167 7
5171 11
5179 19
5189 29
5197 23
5209 11
5227 7
5231 11
5233 13
5237 17
5261 19
5273 7
5279 1
5281 1
5297 17
5303 23
5309 29
5323 17
5333 7
5347 7
5351 11
5381 19
5387 13
5393 7
5399 1
5407 7
5413 13
5417 17
5419 19
5431 29
5437 23
5441 19
5443 17
5449 11
5471 11
5477 17
5479 19
5483 23
5501 19
5503 17
5507 13
5519 1
5521 1
5527 7
5531 11
5557 23
5563 17
5569 11
5573 7
5581 1
5591 11
5623 17
5639 1
5641 1
5647 7
5651 11
5653 13
5657 17
5659 19
5669 29
5683 17
5689 11
5693 7
5701 1
5711 11
5717 17
5737 23
5741 19
5743 17
5749 11
5779 19
5783 23
5791 29
5801 19
5807 13
5813 7
5821 1
5827 7
5839 19
5843 23
5849 29
5851 29
5857 23
5861 19
5867 13
5869 11
5879 1
5881 1
5897 17
5903 23
5923 17
5927 13
5939 1
5953 13
5981 19
5987 13
6007 7
6011 11
6029 29
6037 23
6043 17
6047 13
6053 7
6067 7
6073 13
6079 19
6089 29
6091 29
6101 19
6113 7
6121 1
6131 11
6133 13
6143 23
6151 29
6163 17
6173 7
6197 17
6199 19
6203 23
6211 29
6217 23
6221 19
6229 11
6247 7
6257 17
6263 23
6269 29
6271 29
6277 23
6287 13
6299 1
6301 1
6311 11
6317 17
6323 23
6329 29
6337 23
6343 17
6353 7
6359 1
6361 1
6367 7
6373 13
6379 19
6389 29
6397 23
6421 1
6427 7
6449 29
6451 29
6469 11
6473 7
6481 1
6491 11
6521 19
6529 11
6547 7
6551 11
6553 13
6563 23
6569 29
6571 29
6577 23
6581 19
6599 1
6607 7
6619 19
6637 23
6653 7
6659 1
6661 1
6673 13
6679 19
6689 29
6691 29
6701 19
6703 17
6709 11
6719 1
6733 13
6737 17
6761 19
6763 17
6779 1
6781 1
6791 11
6793 13
6803 23
6823 17
6827 13
6829 11
6833 7
6841 1
6857 17
6863 23
6869 29
6871 29
6883 17
6899 1
6907 7
6911 11
6917 17
6947 13
6949 11
6959 1
6961 1
6967 7
6971 11
6977 17
6983 23
6991 29
6997 23
7001 19
7013 7
7019 1
7027 7
7039 19
7043 23
7057 23
7069 11
7079 1
7103 23
7109 29
7121 19
7127 13
7129 11
7151 11
7159 19
7177 23
7187 13
7193 7
7207 7
7211 11
7213 13
7219 19
7229 29
7237 23
7243 17
7247 13
7253 7
7283 23
7297 23
7307 13
7309 11
7321 1
7331 11
7333 13
7349 29
7351 29
7369 11
7393 13
7411 29
7417 23
7433 7
7451 11
7457 17
7459 19
7477 23
7481 19
7487 13
7489 11
7499 1
7507 7
7517 17
7523 23
7529 29
7537 23
7541 19
7547 13
7549 11
7559 1
7561 1
7573 13
7577 17
7583 23
7589 29
7591 29
7603 17
7607 13
7621 1
7639 19
7643 23
7649 29
7669 11
7673 7
7681 1
7687 7
7691 11
7699 19
7703 23
7717 23
7723 17
7727 13
7741 1
7753 13
7757 17
7759 19
7789 11
7793 7
7817 17
7823 23
7829 29
7841 19
7853 7
7867 7
7873 13
7877 17
7879 19
7883 23
7901 19
7907 13
7919 1
7927 7
7933 13
7937 17
7949 29
7951 29
7963 17
7993 13
8009 29
8011 29
8017 23
8039 1
8053 13
8059 19
8069 29
8081 19
8087 13
8089 11
8093 7
8101 1
8111 11
8117 17
8123 23
8147 13
8161 1
8167 7
8171 11
8179 19
8191 29
8209 11
8219 1
8221 1
8231 11
8233 13
8237 17
8243 23
8263 17
8269 11
8273 7
8287 7
8291 11
8293 13
8297 17
8311 29
8317 23
8329 11
8353 13
8363 23
8369 29
8377 23
8387 13
8389 11
8419 19
8423 23
8429 29
8431 29
8443 17
8447 13
8461 1
8467 7
8501 19
8513 7
8521 1
8527 7
8537 17
8539 19
8543 23
8563 17
8573 7
8581 1
8597 17
8599 19
8609 29
8623 17
8627 13
8629 11
8641 1
8647 7
8663 23
8669 29
8677 23
8681 19
8689 11
8693 7
8699 1
8707 7
8713 13
8719 19
8731 29
8737 23
8741 19
8747 13
8753 7
8761 1
8779 19
8783 23
8803 17
8807 13
8819 1
8821 1
8831 11
8837 17
8839 19
8849 29
8861 19
8863 17
8867 13
8887 7
8893 13
8923 17
8929 11
8933 7
8941 1
8951 11
8963 23
8969 29
8971 29
8999 1
9001 1
9007 7
9011 11
9013 13
9029 29
9041 19
9043 17
9049 11
9059 1
9067 7
9091 29
9103 17
9109 11
9127 7
9133 13
9137 17
9151 29
9157 23
9161 19
9173 7
9181 1
9187 7
9199 19
9203 23
9209 29
9221 19
9227 13
9239 1
9241 1
9257 17
9277 23
9281 19
9283 17
9293 7
9311 11
9319 19
9323 23
9337 23
9341 19
9343 17
9349 11
9371 11
9377 17
9391 29
9397 23
9403 17
9413 7
9419 1
9421 1
9431 11
9433 13
9437 17
9439 19
9461 19
9463 17
9467 13
9473 7
9479 1
9491 11
9497 17
9511 29
9521 19
9533 7
9539 1
9547 7
9551 11
9587 13
9601 1
9613 13
9619 19
9623 23
9629 29
9631 29
9643 17
9649 11
9661 1
9677 17
9679 19
9689 29
9697 23
9719 1
9721 1
9733 13
9739 19
9743 23
9749 29
9767 13
9769 11
9781 1
9787 7
9791 11
9803 23
9811 29
9817 23
9829 11
9833 7
9839 1
9851 11
9857 17
9859 19
9871 29
9883 17
9887 13
9901 1
9907 7
9923 23
9929 29
9931 29
9941 19
9949 11
9967 7
9973 13
10007 13
10009 11
10037 17
10039 19
10061 19
10067 13
10069 11
10079 1
10091 11
10093 13
10099 19
10103 23
10111 29
10133 7
10139 1
10141 1
10151 11
10159 19
10163 23
10169 29
10177 23
10181 19
10193 7
10211 11
10223 23
10243 17
10247 13
10253 7
10259 1
10267 7
10271 11
10273 13
10289 29
10301 19
10303 17
10313 7
10321 1
10331 11
10333 13
10337 17
10343 23
10357 23
10369 11
10391 11
10399 19
10427 13
10429 11
10433 7
10453 13
10457 17
10459 19
10463 23
10477 23
10487 13
10499 1
10501 1
10513 13
10529 29
10531 29
10559 1
10567 7
10589 29
10597 23
10601 19
10607 13
10613 7
10627 7
10631 11
10639 19
10651 29
10657 23
10663 17
10667 13
10687 7
10691 11
10709 29
10711 29
10723 17
10729 11
10733 7
10739 1
10753 13
10771 29
10781 19
10789 11
10799 1
10831 29
10837 23
10847 13
10853 7
10859 1
10861 1
10867 7
10883 23
10889 29
10891 29
10903 17
10909 11
10937 17
10939 19
10949 29
10957 23
10973 7
10979 1
10987 7
10993 13
11003 23
11027 13
11047 7
11057 17
11059 19
11069 29
11071 29
11083 17
11087 13
11093 7
11113 13
11117 17
11119 19
11131 29
11149 11
11159 1
11161 1
11171 11
11173 13
11177 17
11197 23
11213 7
11239 19
11243 23
11251 29
11257 23
11261 19
11273 7
11279 1
11287 7
11299 19
11311 29
11317 23
11321 19
11329 11
11351 11
11353 13
11369 29
11383 17
11393 7
11399 1
11411 11
11423 23
11437 23
11443 17
11447 13
11467 7
11471 11
11483 23
11489 29
11491 29
11497 23
11503 17
11519 1
11527 7
11549 29
11551 29
11579 1
11587 7
11593 13
11597 17
11617 23
11621 19
11633 7
11657 17
11677 23
11681 19
11689 11
11699 1
11701 1
11717 17
11719 19
11731 29
11743 17
11777 17
11779 19
11783 23
11789 29
11801 19
11807 13
11813 7
11821 1
11827 7
11831 11
11833 13
11839 19
11863 17
11867 13
11887 7
11897 17
11903 23
11909 29
11923 17
11927 13
11933 7
11939 1
11941 1
11953 13
11959 19
11969 29
11971 29
11981 19
11987 13
12007 7
12011 11
12037 23
12041 19
12043 17
12049 11
12071 11
12073 13
12097 23
12101 19
12107 13
12109 11
12113 7
12119 1
12143 23
12149 29
12157 23
12161 19
12163 17
12197 17
12203 23
12211 29
12227 13
12239 1
12241 1
12251 11
12253 13
12263 23
12269 29
12277 23
12281 19
12289 11
12301 1
12323 23
12329 29
12343 17
12347 13
12373 13
12377 17
12379 19
12391 29
12401 19
12409 11
12413 7
12421 1
12433 13
12437 17
12451 29
12457 23
12473 7
12479 1
12487 7
12491 11
12497 17
12503 23
12511 29
12517 23
12527 13
12539 1
12541 1
12547 7
12553 13
12569 29
12577 23
12583 17
12589 11
12601 1
12611 11
12613 13
12619 19
12637 23
12641 19
12647 13
12653 7
12659 1
12671 11
12689 29
12697 23
12703 17
12713 7
12721 1
12739 19
12743 23
12757 23
12763 17
12781 1
12791 11
12799 19
12809 29
12821 19
12823 17
12829 11
12841 1
12853 13
12889 11
12893 7
12899 1
12907 7
12911 11
12917 17
12919 19
12923 23
12941 19
12953 7
12959 1
12967 7
12973 13
12979 19
12983 23
13001 19
13003 17
13007 13
13009 11
13033 13
13037 17
13043 23
13049 29
13063 17
13093 13
13099 19
13103 23
13109 29
13121 19
13127 13
13147 7
13151 11
13159 19
13163 23
13171 29
13177 23
13183 17
13187 13
13217 17
13219 19
13229 29
13241 19
13249 11
13259 1
13267 7
13291 29
13297 23
13309 11
13313 7
13327 7
13331 11
13337 17
13339 19
13367 13
13381 1
13397 17
13399 19
13411 29
13417 23
13421 19
13441 1
13451 11
13457 17
13463 23
13469 29
13477 23
13487 13
13499 1
13513 13
13523 23
13537 23
13553 7
13567 7
13577 17
13591 29
13597 23
13613 7
13619 1
13627 7
13633 13
13649 29
13669 11
13679 1
13681 1
13687 7
13691 11
13693 13
13697 17
13709 29
13711 29
13721 19
13723 17
13729 11
13751 11
13757 17
13759 19
13763 23
13781 19
13789 11
13799 1
13807 7
13829 29
13831 29
13841 19
13859 1
13873 13
13877 17
13879 19
13883 23
13901 19
13903 17
13907 13
13913 7
13921 1
13931 11
13933 13
13963 17
13967 13
13997 17
13999 19
14009 29
14011 29
14029 11
14033 7
14051 11
14057 17
14071 29
14081 19
14083 17
14087 13
14107 7
14143 17
14149 11
14153 7
14159 1
14173 13
14177 17
14197 23
14207 13
14221 1
14243 23
14249 29
14251 29
14281 1
14293 13
14303 23
14321 19
14323 17
14327 13
14341 1
14347 7
14369 29
14387 13
14389 11
14401 1
14407 7
14411 11
14419 19
14423 23
14431 29
14437 23
14447 13
14449 11
14461 1
14479 19
14489 29
14503 17
14519 1
14533 13
14537 17
14543 23
14549 29
14551 29
14557 23
14561 19
14563 17
14591 11
14593 13
14621 19
14627 13
14629 11
14633 7
14639 1
14653 13
14657 17
14669 29
14683 17
14699 1
14713 13
14717 17
14723 23
14731 29
14737 23
14741 19
14747 13
14753 7
14759 1
14767 7
14771 11
14779 19
14783 23
14797 23
14813 7
14821 1
14827 7
14831 11
14843 23
14851 29
14867 13
14869 11
14879 1
14887 7
14891 11
14897 17
14923 17
14929 11
14939 1
14947 7
14951 11
14957 17
14969 29
14983 17
15013 13
15017 17
15031 29
15053 7
15061 1
15073 13
15077 17
15083 23
15091 29
15101 19
15107 13
15121 1
15131 11
15137 17
15139 19
15149 29
15161 19
15173 7
15187 7
15193 13
15199 19
15217 23
15227 13
15233 7
15241 1
15259 19
15263 23
15269 29
15271 29
15277 23
15287 13
15289 11
15299 1
15307 7
15313 13
15319 19
15329 29
15331 29
15349 11
15359 1
15361 1
15373 13
15377 17
15383 23
15391 29
15401 19
15413 7
15427 7
15439 19
15443 23
15451 29
15461 19
15467 13
15473 7
15493 13
15497 17
15511 29
15527 13
15541 1
15551 11
15559 19
15569 29
15581 19
15583 17
15601 1
15607 7
15619 19
15629 29
15641 19
15643 17
15647 13
15649 11
15661 1
15667 7
15671 11
15679 19
15683 23
15727 7
15731 11
15733 13
15737 17
15739 19
15749 29
15761 19
15767 13
15773 7
15787 7
15791 11
15797 17
15803 23
15809 29
15817 23
15823 17
15859 19
15877 23
15881 19
15887 13
15889 11
15901 1
15907 7
15913 13
15919 19
15923 23
15937 23
15959 1
15971 11
15973 13
15991 29
16001 19
16007 13
16033 13
16057 23
16061 19
16063 17
16067 13
16069 11
16073 7
16087 7
16091 11
16097 17
16103 23
16111 29
16127 13
16139 1
16141 1
16183 17
16187 13
16189 11
16193 7
16217 17
16223 23
16229 29
16231 29
16249 11
16253 7
16267 7
16273 13
16301 19
16319 1
16333 13
16339 19
16349 29
16361 19
16363 17
16369 11
16381 1
16411 29
16417 23
16421 19
16427 13
16433 7
16447 7
16451 11
16453 13
16477 23
16481 19
16487 13
16493 7
16519 19
16529 29
16547 13
16553 7
16561 1
16567 7
16573 13
16603 17
16607 13
16619 1
16631 11
16633 13
16649 29
16651 29
16657 23
16661 19
16673 7
16691 11
16693 13
16699 19
16703 23
16729 11
16741 1
16747 7
16759 19
16763 23
16787 13
16811 11
16823 23
16829 29
16831 29
16843 17
16871 11
16879 19
16883 23
16889 29
16901 19
16903 17
16921 1
16927 7
16931 11
16937 17
16943 23
16963 17
16979 1
16981 1
16987 7
16993 13
17011 29
17021 19
17027 13
17029 11
17033 7
17041 1
17047 7
17053 13
17077 23
17093 7
17099 1
17107 7
17117 17
17123 23
17137 23
17159 1
17167 7
17183 23
17189 29
17191 29
17203 17
17207 13
17209 11
17231 11
17239 19
17257 23
17291 11
17293 13
17299 19
17317 23
17321 19
17327 13
17333 7
17341 1
17351 11
17359 19
17377 23
17383 17
17387 13
17389 11
17393 7
17401 1
17417 17
17419 19
17431 29
17443 17
17449 11
17467 7
17471 11
17477 17
17483 23
17489 29
17491 29
17497 23
17509 11
17519 1
17539 19
17551 29
17569 11
17573 7
17579 1
17581 1
17597 17
17599 19
17609 29
17623 17
17627 13
17657 17
17659 19
17669 29
17681 19
17683 17
17707 7
17713 13
17729 29
17737 23
17747 13
17749 11
17761 1
17783 23
17789 29
17791 29
17807 13
17827 7
17837 17
17839 19
17851 29
17863 17
17881 1
17891 11
17903 23
17909 29
17911 29
17921 19
17923 17
17929 11
17939 1
17957 17
17959 19
17971 29
17977 23
17981 19
17987 13
17989 11
18013 13
18041 19
18043 17
18047 13
18049 11
18059 1
18061 1
18077 17
18089 29
18097 23
18119 1
18121 1
18127 7
18131 11
18133 13
18143 23
18149 29
18169 11
18181 1
18191 11
18199 19
18211 29
18217 23
18223 17
18229 11
18233 7
18251 11
18253 13
18257 17
18269 29
18287 13
18289 11
18301 1
18307 7
18311 11
18313 13
18329 29
18341 19
18353 7
18367 7
18371 11
18379 19
18397 23
18401 19
18413 7
18427 7
18433 13
18439 19
18443 23
18451 29
18457 23
18461 19
18481 1
18493 13
18503 23
18517 23
18521 19
18523 17
18539 1
18541 1
18553 13
18583 17
18587 13
18593 7
18617 17
18637 23
18661 1
18671 11
18679 19
18691 29
18701 19
18713 7
18719 1
18731 11
18743 23
18749 29
18757 23
18773 7
18787 7
18793 13
18797 17
18803 23
18839 1
18859 19
18869 29
18899 1
18911 11
18913 13
18917 17
18919 19
18947 13
18959 1
18973 13
18979 19
19001 19
19009 11
19013 7
19031 11
19037 17
19051 29
19069 11
19073 7
19079 1
19081 1
19087 7
19121 19
19139 1
19141 1
19157 17
19163 23
19181 19
19183 17
19207 7
19211 11
19213 13
19219 19
19231 29
19237 23
19249 11
19259 1
19267 7
19273 13
19289 29
19301 19
19309 11
19319 1
19333 13
19373 7
19379 1
19381 1
19387 7
19391 11
19403 23
19417 23
19421 19
19423 17
19427 13
19429 11
19433 7
19441 1
19447 7
19457 17
19463 23
19469 29
19471 29
19477 23
19483 17
19489 11
19501 1
19507 7
19531 29
19541 19
19543 17
19553 7
19559 1
19571 11
19577 17
19583 23
19597 23
19603 17
19609 11
19661 19
19681 1
19687 7
19697 17
19699 19
19709 29
19717 23
19727 13
19739 1
19751 11
19753 13
19759 19
19763 23
19777 23
19793 7
19801 1
19813 13
19819 19
19841 19
19843 17
19853 7
19861 1
19867 7
19889 29
19891 29
19913 7
19919 1
19927 7
19937 17
19949 29
19961 19
19963 17
19973 7
19979 1
19991 11
19993 13
19997 17
20011 29
20021 19
20023 17
20029 11
20047 7
20051 11
20063 23
20071 29
20089 11
20101 1
20107 7
20113 13
20117 17
20123 23
20129 29
20143 17
20147 13
20149 11
20161 1
20173 13
20177 17
20183 23
20201 19
20219 1
20231 11
20233 13
20249 29
20261 19
20269 11
20287 7
20297 17
20323 17
20327 13
20333 7
20341 1
20347 7
20353 13
20357 17
20359 19
20369 29
20389 11
20393 7
20399 1
20407 7
20411 11
20431 29
20441 19
20443 17
20477 17
20479 19
20483 23
20507 13
20509 11
20521 1
20533 13
20543 23
20549 29
20551 29
20563 17
20593 13
20599 19
20611 29
20627 13
20639 1
20641 1
20663 23
20681 19
20693 7
20707 7
20717 17
20719 19
20731 29
20743 17
20747 13
20749 11
20753 7
20759 1
20771 11
20773 13
20789 29
20807 13
20809 11
20849 29
20857 23
20873 7
20879 1
20887 7
20897 17
20899 19
20903 23
20921 19
20929 11
20939 1
20947 7
20959 19
20963 23
20981 19
20983 17
21001 1
21011 11
21013 13
21017 17
21019 19
21023 23
21031 29
21059 1
21061 1
21067 7
21089 29
21101 19
21107 13
21121 1
21139 19
21143 23
21149 29
21157 23
21163 17
21169 11
21179 1
21187 7
21191 11
21193 13
21211 29
21221 19
21227 13
21247 7
21269 29
21277 23
21283 17
21313 13
21317 17
21319 19
21323 23
21341 19
21347 13
21377 17
21379 19
21383 23
21391 29
21397 23
21401 19
21407 13
21419 1
21433 13
21467 13
21481 1
21487 7
21491 11
21493 13
21499 19
21503 23
21517 23
21521 19
21523 17
21529 11
21557 17
21559 19
21563 23
21569 29
21577 23
21587 13
21589 11
21599 1
21601 1
21611 11
21613 13
21617 17
21647 13
21649 11
21661 1
21673 13
21683 23
21701 19
21713 7
21727 7
21737 17
21739 19
21751 29
21757 23
21767 13
21773 7
21787 7
21799 19
21803 23
21817 23
21821 19
21839 1
21841 1
21851 11
21859 19
21863 23
21871 29
21881 19
21893 7
21911 11
21929 29
21937 23
21943 17
21961 1
21977 17
21991 29
21997 23
22003 17
22013 7
22027 7
22031 11
22037 17
22039 19
22051 29
22063 17
22067 13
22073 7
22079 1
22091 11
22093 13
22109 29
22111 29
22123 17
22129 11
22133 7
22147 7
22153 13
22157 17
22159 19
22171 29
22189 11
22193 7
22229 29
22247 13
22259 1
22271 11
22273 13
22277 17
22279 19
22283 23
22291 29
22303 17
22307 13
22343 23
22349 29
22367 13
22369 11
22381 1
22391 11
22397 17
22409 29
22433 7
22441 1
22447 7
22453 13
22469 29
22481 19
22483 17
22501 1
22511 11
22531 29
22541 19
22543 17
22549 11
22567 7
22571 11
22573 13
22613 7
22619 1
22621 1
22637 17
22639 19
22643 23
22651 29
22669 11
22679 1
22691 11
22697 17
22699 19
22709 29
22717 23
22721 19
22727 13
22739 1
22741 1
22751 11
22769 29
22777 23
22783 17
22787 13
22807 7
22811 11
22817 17
22853 7
22859 1
22861 1
22871 11
22877 17
22901 19
22907 13
22921 1
22937 17
22943 23
22961 19
22963 17
22973 7
22993 13
23003 23
23011 29
23017 23
23021 19
23027 13
23029 11
23039 1
23041 1
23053 13
23057 17
23059 19
23063 23
23071 29
23081 19
23087 13
23099 1
23117 17
23131 29
23143 17
23159 1
23167 7
23173 13
23189 29
23197 23
23201 19
23203 17
23209 11
23227 7
23251 29
23269 11
23279 1
23291 11
23293 13
23297 17
23311 29
23321 19
23327 13
23333 7
23339 1
23357 17
23369 29
23371 29
23399 1
23417 17
23431 29
23447 13
23459 1
23473 13
23497 23
23509 11
23531 11
23537 17
23539 19
23549 29
23557 23
23561 19
23563 17
23567 13
23581 1
23593 13
23599 19
23603 23
23609 29
23623 17
23627 13
23629 11
23633 7
23663 23
23669 29
23671 29
23677 23
23687 13
23689 11
23719 19
23741 19
23743 17
23747 13
23753 7
23761 1
23767 7
23773 13
23789 29
23801 19
23813 7
23819 1
23827 7
23831 11
23833 13
23857 23
23869 11
23873 7
23879 1
23887 7
23893 13
23899 19
23909 29
23911 29
23917 23
23929 11
23957 17
23971 29
23977 23
23981 19
23993 7
24001 1
24007 7
24019 19
24023 23
24029 29
24043 17
24049 11
24061 1
24071 11
24077 17
24083 23
24091 29
24097 23
24103 17
24107 13
24109 11
24113 7
24121 1
24133 13
24137 17
24151 29
24169 11
24179 1
24181 1
24197 17
24203 23
24223 17
24229 11
24239 1
24247 7
24251 11
24281 19
24317 17
24329 29
24337 23
24359 1
24371 11
24373 13
24379 19
24391 29
24407 13
24413 7
24419 1
24421 1
24439 19
24443 23
24469 11
24473 7
24481 1
24499 19
24509 29
24517 23
24527 13
24533 7
24547 7
24551 11
24571 29
24593 7
24611 11
24623 23
24631 29
24659 1
24671 11
24677 17
24683 23
24691 29
24697 23
24709 11
24733 13
24749 29
24763 17
24767 13
24781 1
24793 13
24799 19
24809 29
24821 19
24841 1
24847 7
24851 11
24859 19
24877 23
24889 11
24907 7
24917 17
24919 19
24923 23
24943 17
24953 7
24967 7
24971 11
24977 17
24979 19
24989 29
25013 7
25031 11
25033 13
25037 17
25057 23
25073 7
25087 7
25097 17
25111 29
25117 23
25121 19
25127 13
25147 7
25153 13
25163 23
25169 29
25171 29
25183 17
25189 11
25219 19
25229 29
25237 23
25243 17
25247 13
25253 7
25261 1
25301 19
25303 17
25307 13
25309 11
25321 1
25339 19
25343 23
25349 29
25357 23
25367 13
25373 7
25391 11
25409 29
25411 29
25423 17
25439 1
25447 7
25453 13
25457 17
25463 23
25469 29
25471 29
25523 23
25537 23
25541 19
25561 1
25577 17
25579 19
25583 23
25589 29
25601 19
25603 17
25609 11
25621 1
25633 13
25639 19
25643 23
25657 23
25667 13
25673 7
25679 1
25693 13
25703 23
25717 23
25733 7
25741 1
25747 7
25759 19
25763 23
25771 29
25793 7
25799 1
25801 1
25819 19
25841 19
25847 13
25849 11
25867 7
25873 13
25889 29
25903 17
25913 7
25919 1
25931 11
25933 13
25939 19
25943 23
25951 29
25969 11
25981 1
25997 17
25999 19
26003 23
26017 23
26021 19
26029 11
26041 1
26053 13
26083 17
26099 1
26107 7
26111 11
26113 13
26119 19
26141 19
26153 7
26161 1
26171 11
26177 17
26183 23
26189 29
26203 17
26209 11
26227 7
26237 17
26249 29
26251 29
26261 19
26263 17
26267 13
26293 13
26297 17
26309 29
26317 23
26321 19
26339 1
26347 7
26357 17
26371 29
26387 13
26393 7
26399 1
26407 7
26417 17
26423 23
26431 29
26437 23
26449 11
26459 1
26479 19
26489 29
26497 23
26501 19
26513 7
26539 19
26557 23
26561 19
26573 7
26591 11
26597 17
26627 13
26633 7
26641 1
26647 7
26669 29
26681 19
26683 17
26687 13
26693 7
26699 1
26701 1
26711 11
26713 13
26717 17
26723 23
26729 29
26731 29
26737 23
26759 1
26777 17
26783 23
26801 19
26813 7
26821 1
26833 13
26839 19
26849 29
26861 19
26863 17
26879 1
26881 1
26891 11
26893 13
26903 23
26921 19
26927 13
26947 7
26951 11
26953 13
26959 19
26981 19
26987 13
26993 7
27011 11
27017 17
27031 29
27043 17
27059 1
27061 1
27067 7
27073 13
27077 17
27091 29
27103 17
27107 13
27109 11
27127 7
27143 23
27179 1
27191 11
27197 17
27211 29
27239 1
27241 1
27253 13
27259 19
27271 29
27277 23
27281 19
27283 17
27299 1
27329 29
27337 23
27361 1
27367 7
27397 23
27407 13
27409 11
27427 7
27431 11
27437 17
27449 29
27457 23
27479 1
27481 1
27487 7
27509 29
27527 13
27529 11
27539 1
27541 1
27551 11
27581 19
27583 17
27611 11
27617 17
27631 29
27647 13
27653 7
27673 13
27689 29
27691 29
27697 23
27701 19
27733 13
27737 17
27739 19
27743 23
27749 29
27751 29
27763 17
27767 13
27773 7
27779 1
27791 11
27793 13
27799 19
27803 23
27809 29
27817 23
27823 17
27827 13
27847 7
27851 11
27883 17
27893 7
27901 1
27917 17
27919 19
27941 19
27943 17
27947 13
27953 7
27961 1
27967 7
27983 23
27997 23
28001 19
28019 1
28027 7
28031 11
28051 29
28057 23
28069 11
28081 1
28087 7
28097 17
28099 19
28109 29
28111 29
28123 17
28151 11
28163 23
28181 19
28183 17
28201 1
28211 11
28219 19
28229 29
28277 17
28279 19
28283 23
28289 29
28297 23
28307 13
28309 11
28319 1
28349 29
28351 29
28387 7
28393 13
28403 23
28409 29
28411 29
28429 11
28433 7
28439 1
28447 7
28463 23
28477 23
28493 7
28499 1
28513 13
28517 17
28537 23
28541 19
28547 13
28549 11
28559 1
28571 11
28573 13
28579 19
28591 29
28597 23
28603 17
28607 13
28619 1
28621 1
28627 7
28631 11
28643 23
28649 29
28657 23
28661 19
28663 17
28669 11
28687 7
28697 17
28703 23
28711 29
28723 17
28729 11
28751 11
28753 13
28759 19
28771 29
28789 11
28793 7
28807 7
28813 13
28817 17
28837 23
28843 17
28859 1
28867 7
28871 11
28879 19
28901 19
28909 11
28921 1
28927 7
28933 13
28949 29
28961 19
28979 1
29009 29
29017 23
29021 19
29023 17
29027 13
29033 7
29059 19
29063 23
29077 23
29101 1
29123 23
29129 29
29131 29
29137 23
29147 13
29153 7
29167 7
29173 13
29179 19
29191 29
29201 19
29207 13
29209 11
29221 1
29231 11
29243 23
29251 29
29269 11
29287 7
29297 17
29303 23
29311 29
29327 13
29333 7
29339 1
29347 7
29363 23
29383 17
29387 13
29389 11
29399 1
29401 1
29411 11
29423 23
29429 29
29437 23
29443 17
29453 7
29473 13
29483 23
29501 19
29527 7
29531 11
29537 17
29567 13
29569 11
29573 7
29581 1
29587 7
29599 19
29611 29
29629 11
29633 7
29641 1
29663 23
29669 29
29671 29
29683 17
29717 17
29723 23
29741 19
29753 7
29759 1
29761 1
29789 29
29803 17
29819 1
29833 13
29837 17
29851 29
29863 17
29867 13
29873 7
29879 1
29881 1
29917 23
29921 19
29927 13
29947 7
29959 19
29983 17
29989 11
30011 11
30013 13
30029 29
30047 13
30059 1
30071 11
30089 29
30091 29
30097 23
30103 17
30109 11
30113 7
30119 1
30133 13
30137 17
30139 19
30161 19
30169 11
30181 1
30187 7
30197 17
30203 23
30211 29
30223 17
30241 1
30253 13
30259 19
30269 29
30271 29
30293 7
30307 7
30313 13
30319 19
30323 23
30341 19
30347 13
30367 7
30389 29
30391 29
30403 17
30427 7
30431 11
30449 29
30467 13
30469 11
30491 11
30493 13
30497 17
30509 29
30517 23
30529 11
30539 1
30553 13
30557 17
30559 19
30577 23
30593 7
30631 29
30637 23
30643 17
30649 11
30661 1
30671 11
30677 17
30689 29
30697 23
30703 17
30707 13
30713 7
30727 7
30757 23
30763 17
30773 7
30781 1
30803 23
30809 29
30817 23
30829 11
30839 1
30841 1
30851 11
30853 13
30859 19
30869 29
30871 29
30881 19
30893 7
30911 11
30931 29
30937 23
30941 19
30949 11
30971 11
30977 17
30983 23
31013 7
31019 1
31033 13
31039 19
31051 29
31063 17
31069 11
31079 1
31081 1
31091 11
31121 19
31123 17
31139 1
31147 7
31151 11
31153 13
31159 19
31177 23
31181 19
31183 17
31189 11
31193 7
31219 19
31223 23
31231 29
31237 23
31247 13
31249 11
31253 7
31259 1
31267 7
31271 11
31277 17
31307 13
31319 1
31321 1
31327 7
31333 13
31337 17
31357 23
31379 1
31387 7
31391 11
31393 13
31397 17
31469 29
31477 23
31481 19
31489 11
31511 11
31513 13
31517 17
31531 29
31541 19
31543 17
31547 13
31567 7
31573 13
31583 23
31601 19
31607 13
31627 7
31643 23
31649 29
31657 23
31663 17
31667 13
31687 7
31699 19
31721 19
31723 17
31727 13
31729 11
31741 1
31751 11
31769 29
31771 29
31793 7
31799 1
31817 17
31847 13
31849 11
31859 1
31873 13
31883 23
31891 29
31907 13
31957 23
31963 17
31973 7
31981 1
31991 11
32003 23
32009 29
32027 13
32029 11
32051 11
32057 17
32059 19
32063 23
32069 29
32077 23
32083 17
32089 11
32099 1
32117 17
32119 19
32141 19
32143 17
32159 1
32173 13
32183 23
32189 29
32191 29
32203 17
32213 7
32233 13
32237 17
32251 29
32257 23
32261 19
32297 17
32299 19
32303 23
32309 29
32321 19
32323 17
32327 13
32341 1
32353 13
32359 19
32363 23
32369 29
32371 29
32377 23
32381 19
32401 1
32411 11
32413 13
32423 23
32429 29
32441 19
32443 17
32467 7
32479 19
32491 29
32497 23
32503 17
32507 13
32531 11
32533 13
32537 17
32561 19
32563 17
32569 11
32573 7
32579 1
32587 7
32603 23
32609 29
32611 29
32621 19
32633 7
32647 7
32653 13
32687 13
32693 7
32707 7
32713 13
32717 17
32719 19
32749 11
32771 11
32779 19
32783 23
32789 29
32797 23
32801 19
32803 17
32831 11
32833 13
32839 19
32843 23
32869 11
32887 7
32909 29
32911 29
32917 23
32933 7
32939 1
32941 1
32957 17
32969 29
32971 29
32983 17
32987 13
32993 7
32999 1
33013 13
33023 23
33029 29
33037 23
33049 11
33053 7
33071 11
33073 13
33083 23
33091 29
33107 13
33113 7
33119 1
33149 29
33151 29
33161 19
33179 1
33181 1
33191 11
33199 19
33203 23
33211 29
33223 17
33247 7
33287 13
33289 11
33301 1
33311 11
33317 17
33329 29
33331 29
33343 17
33347 13
33349 11
33353 7
33359 1
33377 17
33391 29
33403 17
33409 11
33413 7
33427 7
33457 23
33461 19
33469 11
33479 1
33487 7
33493 13
33503 23
33521 19
33529 11
33533 7
33547 7
33563 23
33569 29
33577 23
33581 19
33587 13
33589 11
33599 1
33601 1
33613 13
33617 17
33619 19
33623 23
33629 29
33637 23
33641 19
33647 13
33679 19
33703 17
33713 7
33721 1
33739 19
33749 29
33751 29
33757 23
33767 13
33769 11
33773 7
33791 11
33797 17
33809 29
33811 29
33827 13
33829 11
33851 11
33857 17
33863 23
33871 29
33889 11
33893 7
33911 11
33923 23
33931 29
33937 23
33941 19
33961 1
33967 7
33997 23
34019 1
34031 11
34033 13
34039 19
34057 23
34061 19
34123 17
34127 13
34129 11
34141 1
34147 7
34157 17
34159 19
34171 29
34183 17
34211 11
34213 13
34217 17
34231 29
34253 7
34259 1
34261 1
34267 7
34273 13
34283 23
34297 23
34301 19
34303 17
34313 7
34319 1
34327 7
34337 17
34351 29
34361 19
34367 13
34369 11
34381 1
34403 23
34421 19
34429 11
34439 1
34457 17
34469 29
34471 29
34483 17
34487 13
34499 1
34501 1
34511 11
34513 13
34519 19
34537 23
34543 17
34549 11
34583 23
34589 29
34591 29
34603 17
34607 13
34613 7
34631 11
34649 29
34651 29
34667 13
34673 7
34679 1
34687 7
34693 13
34703 23
34721 19
34729 11
34739 1
34747 7
34757 17
34759 19
34763 23
34781 19
34807 7
34819 19
34841 19
34843 17
34847 13
34849 11
34871 11
34877 17
34883 23
34897 23
34913 7
34919 1
34939 19
34949 29
34961 19
34963 17
34981 1
35023 17
35027 13
35051 11
35053 13
35059 19
35069 29
35081 19
35083 17
35089 11
35099 1
35107 7
35111 11
35117 17
35129 29
35141 19
35149 11
35153 7
35159 1
35171 11
35201 19
35221 1
35227 7
35251 29
35257 23
35267 13
35279 1
35281 1
35291 11
35311 29
35317 23
35323 17
35327 13
35339 1
35353 13
35363 23
35381 19
35393 7
35401 1
35407 7
35419 19
35423 23
35437 23
35447 13
35449 11
35461 1
35491 29
35507 13
35509 11
35521 1
35527 7
35531 11
35533 13
35537 17
35543 23
35569 11
35573 7
35591 11
35593 13
35597 17
35603 23
35617 23
35671 29
35677 23
35729 29
35731 29
35747 13
35753 7
35759 1
35771 11
35797 23
35801 19
35803 17
35809 11
35831 11
35837 17
35839 19
35851 29
35863 17
35869 11
35879 1
35897 17
35899 19
35911 29
35923 17
35933 7
35951 11
35963 23
35969 29
35977 23
35983 17
35993 7
35999 1
36007 7
36011 11
36013 13
36017 17
36037 23
36061 1
36067 7
36073 13
36083 23
36097 23
36107 13
36109 11
36131 11
36137 17
36151 29
36161 19
36187 7
36191 11
36209 29
36217 23
36229 11
36241 1
36251 11
36263 23
36269 29
36277 23
36293 7
36299 1
36307 7
36313 13
36319 19
36341 19
36343 17
36353 7
36373 13
36383 23
36389 29
36433 13
36451 29
36457 23
36467 13
36469 11
36473 7
36479 1
36493 13
36497 17
36523 17
36527 13
36529 11
36541 1
36551 11
36559 19
36563 23
36571 29
36583 17
36587 13
36599 1
36607 7
36629 29
36637 23
36643 17
36653 7
36671 11
36677 17
36683 23
36691 29
36697 23
36709 11
36713 7
36721 1
36739 19
36749 29
36761 19
36767 13
36779 1
36781 1
36787 7
36791 11
36793 13
36809 29
36821 19
36833 7
36847 7
36857 17
36871 29
36877 23
36887 13
36899 1
36901 1
36913 13
36919 19
36923 23
36929 29
36931 29
36943 17
36947 13
36973 13
36979 19
36997 23
37003 17
37013 7
37019 1
37021 1
37039 19
37049 29
37057 23
37061 19
37087 7
37097 17
37117 23
37123 17
37139 1
37159 19
37171 29
37181 19
37189 11
37199 1
37201 1
37217 17
37223 23
37243 17
37253 7
37273 13
37277 17
37307 13
37309 11
37313 7
37321 1
37337 17
37339 19
37357 23
37361 19
37363 17
37369 11
37379 1
37397 17
37409 29
37423 17
37441 1
37447 7
37463 23
37483 17
37489 11
37493 7
37501 1
37507 7
37511 11
37517 17
37529 29
37537 23
37547 13
37549 11
37561 1
37567 7
37571 11
37573 13
37579 19
37589 29
37591 29
37607 13
37619 1
37633 13
37643 23
37649 29
37657 23
37663 17
37691 11
37693 13
37699 19
37717 23
37747 7
37781 19
37783 17
37799 1
37811 11
37813 13
37831 29
37847 13
37853 7
37861 1
37871 11
37879 19
37889 29
37897 23
37907 13
37951 29
37957 23
37963 17
37967 13
37987 7
37991 11
37993 13
37997 17
38011 29
38039 1
38047 7
38053 13
38069 29
38083 17
38113 13
38119 19
38149 11
38153 7
38167 7
38177 17
38183 23
38189 29
38197 23
38201 19
38219 1
38231 11
38237 17
38239 19
38261 19
38273 7
38281 1
38287 7
38299 19
38303 23
38317 23
38321 19
38327 13
38329 11
38333 7
38351 11
38371 29
38377 23
38393 7
38431 29
38447 13
38449 11
38453 7
38459 1
38461 1
38501 19
38543 23
38557 23
38561 19
38567 13
38569 11
38593 13
38603 23
38609 29
38611 29
38629 11
38639 1
38651 11
38653 13
38669 29
38671 29
38677 23
38693 7
38699 1
38707 7
38711 11
38713 13
38723 23
38729 29
38737 23
38747 13
38749 11
38767 7
38783 23
38791 29
38803 17
38821 1
38833 13
38839 19
38851 29
38861 19
38867 13
38873 7
38891 11
38903 23
38917 23
38921 19
38923 17
38933 7
38953 13
38959 19
38971 29
38977 23
38993 7
39019 19
39023 23
39041 19
39043 17
39047 13
39079 19
39089 29
39097 23
39103 17
39107 13
39113 7
39119 1
39133 13
39139 19
39157 23
39161 19
39163 17
39181 1
39191 11
39199 19
39209 29
39217 23
39227 13
39229 11
39233 7
39239 1
39241 1
39251 11
39293 7
39301 1
39313 13
39317 17
39323 23
39341 19
39343 17
39359 1
39367 7
39371 11
39373 13
39383 23
39397 23
39409 11
39419 1
39439 19
39443 23
39451 29
39461 19
39499 19
39503 23
39509 29
39511 29
39521 19
39541 1
39551 11
39563 23
39569 29
39581 19
39607 7
39619 19
39623 23
39631 29
39659 1
39667 7
39671 11
39679 19
39703 17
39709 11
39719 1
39727 7
39733 13
39749 29
39761 19
39769 11
39779 1
39791 11
39799 19
39821 19
39827 13
39829 11
39839 1
39841 1
39847 7
39857 17
39863 23
39869 29
39877 23
39883 17
39887 13
39901 1
39929 29
39937 23
39953 7
39971 11
39979 19
39983 23
39989 29
40009 11
40013 7
40031 11
40037 17
40039 19
40063 17
40087 7
40093 13
40099 19
40111 29
40123 17
40127 13
40129 11
40151 11
40153 13
40163 23
40169 29
40177 23
40189 11
40193 7
40213 13
40231 29
40237 23
40241 19
40253 7
40277 17
40283 23
40289 29
40343 23
40351 29
40357 23
40361 19
40387 7
40423 17
40427 13
40429 11
40433 7
40459 19
40471 29
40483 17
40487 13
40493 7
40499 1
40507 7
40519 19
40529 29
40531 29
40543 17
40559 1
40577 17
40583 23
40591 29
40597 23
40609 11
40627 7
40637 17
40639 19
40693 13
40697 17
40699 19
40709 29
40739 1
40751 11
40759 19
40763 23
40771 29
40787 13
40801 1
40813 13
40819 19
40823 23
40829 29
40841 19
40847 13
40849 11
40853 7
40867 7
40879 19
40883 23
40897 23
40903 17
40927 7
40933 13
40939 19
40949 29
40961 19
40973 7
40993 13
41011 29
41017 23
41023 17
41039 1
41047 7
41051 11
41057 17
41077 23
41081 19
41113 13
41117 17
41131 29
41141 19
41143 17
41149 11
41161 1
41177 17
41179 19
41183 23
41189 29
41201 19
41203 17
41213 7
41221 1
41227 7
41231 11
41233 13
41243 23
41257 23
41263 17
41269 11
41281 1
41299 19
41333 7
41341 1
41351 11
41357 17
41381 19
41387 13
41389 11
41399 1
41411 11
41413 13
41443 17
41453 7
41467 7
41479 19
41491 29
41507 13
41513 7
41519 1
41521 1
41539 19
41543 23
41549 29
41579 1
41593 13
41597 17
41603 23
41609 29
41611 29
41617 23
41621 19
41627 13
41641 1
41647 7
41651 11
41659 19
41669 29
41681 19
41687 13
41719 19
41729 29
41737 23
41759 1
41761 1
41771 11
41777 17
41801 19
41809 11
41813 7
41843 23
41849 29
41851 29
41863 17
41879 1
41887 7
41893 13
41897 17
41903 23
41911 29
41927 13
41941 1
41947 7
41953 13
41957 17
41959 19
41969 29
41981 19
41983 17
41999 1
42013 13
42017 17
42019 19
42023 23
42043 17
42061 1
42071 11
42073 13
42083 23
42089 29
42101 19
42131 11
42139 19
42157 23
42169 11
42179 1
42181 1
42187 7
42193 13
42197 17
42209 29
42221 19
42223 17
42227 13
42239 1
42257 17
42281 19
42283 17
42293 7
42299 1
42307 7
42323 23
42331 29
42337 23
42349 11
42359 1
42373 13
42379 19
42391 29
42397 23
42403 17
42407 13
42409 11
42433 13
42437 17
42443 23
42451 29
42457 23
42461 19
42463 17
42467 13
42473 7
42487 7
42491 11
42499 19
42509 29
42533 7
42557 17
42569 29
42571 29
42577 23
42589 11
42611 11
42641 19
42643 17
42649 11
42667 7
42677 17
42683 23
42689 29
42697 23
42701 19
42703 17
42709 11
42719 1
42727 7
42737 17
42743 23
42751 29
42767 13
42773 7
42787 7
42793 13
42797 17
42821 19
42829 11
42839 1
42841 1
42853 13
42859 19
42863 23
42899 1
42901 1
42923 23
42929 29
42937 23
42943 17
42953 7
42961 1
42967 7
42979 19
42989 29
43003 17
43013 7
43019 1
43037 17
43049 29
43051 29
43063 17
43067 13
43093 13
43103 23
43117 23
43133 7
43151 11
43159 19
43177 23
43189 11
43201 1
43207 7
43223 23
43237 23
43261 1
43271 11
43283 23
43291 29
43313 7
43319 1
43321 1
43331 11
43391 11
43397 17
43399 19
43403 23
43411 29
43427 13
43441 1
43451 11
43457 17
43481 19
43487 13
43499 1
43517 17
43541 19
43543 17
43573 13
43577 17
43579 19
43591 29
43597 23
43607 13
43609 11
43613 7
43627 7
43633 13
43649 29
43651 29
43661 19
43669 11
43691 11
43711 29
43717 23
43721 19
43753 13
43759 19
43777 23
43781 19
43783 17
43787 13
43789 11
43793 7
43801 1
43853 7
43867 7
43889 29
43891 29
43913 7
43933 13
43943 23
43951 29
43961 19
43963 17
43969 11
43973 7
43987 7
43991 11
43997 17
44017 23
44021 19
44027 13
44029 11
44041 1
44053 13
44059 19
44071 29
44087 13
44089 11
44101 1
44111 11
44119 19
44123 23
44129 29
44131 29
44159 1
44171 11
44179 19
44189 29
44201 19
44203 17
44207 13
44221 1
44249 29
44257 23
44263 17
44267 13
44269 11
44273 7
44279 1
44281 1
44293 13
44351 11
44357 17
44371 29
44381 19
44383 17
44389 11
44417 17
44449 11
44453 7
44483 23
44491 29
44497 23
44501 19
44507 13
44519 1
44531 11
44533 13
44537 17
44543 23
44549 29
44563 17
44579 1
44587 7
44617 23
44621 19
44623 17
44633 7
44641 1
44647 7
44651 11
44657 17
44683 17
44687 13
44699 1
44701 1
44711 11
44729 29
44741 19
44753 7
44771 11
44773 13
44777 17
44789 29
44797 23
44809 11
44819 1
44839 19
44843 23
44851 29
44867 13
44879 1
44887 7
44893 13
44909 29
44917 23
44927 13
44939 1
44953 13
44959 19
44963 23
44971 29
44983 17
44987 13
45007 7
45013 13
45053 7
45061 1
45077 17
45083 23
45119 1
45121 1
45127 7
45131 11
45137 17
45139 19
45161 19
45179 1
45181 1
45191 11
45197 17
45233 7
45247 7
45259 19
45263 23
45281 19
45289 11
45293 7
45307 7
45317 17
45319 19
45329 29
45337 23
45341 19
45343 17
45361 1
45377 17
45389 29
45403 17
45413 7
45427 7
45433 13
45439 19
45481 1
45491 11
45497 17
45503 23
45523 17
45533 7
45541 1
45553 13
45557 17
45569 29
45587 13
45589 11
45599 1
45613 13
45631 29
45641 19
45659 1
45667 7
45673 13
45677 17
45691 29
45697 23
45707 13
45737 17
45751 29
45757 23
45763 17
45767 13
45779 1
45817 23
45821 19
45823 17
45827 13
45833 7
45841 1
45853 13
45863 23
45869 29
45887 13
45893 7
45943 17
45949 11
45953 7
45959 1
45971 11
45979 19
45989 29
46021 1
46027 7
46049 29
46051 29
46061 19
46073 7
46091 11
46093 13
46099 19
46103 23
46133 7
46141 1
46147 7
46153 13
46171 29
46181 19
46183 17
46187 13
46199 1
46219 19
46229 29
46237 23
46261 1
46271 11
46273 13
46279 19
46301 19
46307 13
46309 11
46327 7
46337 17
46349 29
46351 29
46381 1
46399 19
46411 29
46439 1
46441 1
46447 7
46451 11
46457 17
46471 29
46477 23
46489 11
46499 1
46507 7
46511 11
46523 23
46549 11
46559 1
46567 7
46573 13
46589 29
46591 29
46601 19
46619 1
46633 13
46639 19
46643 23
46649 29
46663 17
46679 1
46681 1
46687 7
46691 11
46703 23
46723 17
46727 13
46747 7
46751 11
46757 17
46769 29
46771 29
46807 7
46811 11
46817 17
46819 19
46829 29
46831 29
46853 7
46861 1
46867 7
46877 17
46889 29
46901 19
46919 1
46933 13
46957 23
46993 13
46997 17
47017 23
47041 1
47051 11
47057 17
47059 19
47087 13
47093 7
47111 11
47119 19
47123 23
47129 29
47137 23
47143 17
47147 13
47149 11
47161 1
47189 29
47207 13
47221 1
47237 17
47251 29
47269 11
47279 1
47287 7
47293 13
47297 17
47303 23
47309 29
47317 23
47339 1
47351 11
47353 13
47363 23
47381 19
47387 13
47389 11
47407 7
47417 17
47419 19
47431 29
47441 19
47459 1
47491 29
47497 23
47501 19
47507 13
47513 7
47521 1
47527 7
47533 13
47543 23
47563 17
47569 11
47581 1
47591 11
47599 19
47609 29
47623 17
47629 11
47639 1
47653 13
47657 17
47659 19
47681 19
47699 1
47701 1
47711 11
47713 13
47717 17
47737 23
47741 19
47743 17
47777 17
47779 19
47791 29
47797 23
47807 13
47809 11
47819 1
47837 17
47843 23
47857 23
47869 11
47881 1
47903 23
47911 29
47917 23
47933 7
47939 1
47947 7
47951 11
47963 23
47969 29
47977 23
47981 19
48017 17
48023 23
48029 29
48049 11
48073 13
48079 19
48091 29
48109 11
48119 1
48121 1
48131 11
48157 23
48163 17
48179 1
48187 7
48193 13
48197 17
48221 19
48239 1
48247 7
48259 19
48271 29
48281 19
48299 1
48311 11
48313 13
48337 23
48341 19
48353 7
48371 11
48383 23
48397 23
48407 13
48409 11
48413 7
48437 17
48449 29
48463 17
48473 7
48479 1
48481 1
48487 7
48491 11
48497 17
48523 17
48527 13
48533 7
48539 1
48541 1
48563 23
48571 29
48589 11
48593 7
48611 11
48619 19
48623 23
48647 13
48649 11
48661 1
48673 13
48677 17
48679 19
48731 11
48733 13
48751 29
48757 23
48761 19
48767 13
48779 1
48781 1
48787 7
48799 19
48809 29
48817 23
48821 19
48823 17
48847 7
48857 17
48859 19
48869 29
48871 29
48883 17
48889 11
48907 7
48947 13
48953 7
48973 13
48989 29
48991 29
49003 17
49009 11
49019 1
49031 11
49033 13
49037 17
49043 23
49057 23
49069 11
49081 1
49103 23
49109 29
49117 23
49121 19
49123 17
49139 1
49157 17
49169 29
49171 29
49177 23
49193 7
49199 1
49201 1
49207 7
49211 11
49223 23
49253 7
49261 1
49277 17
49279 19
49297 23
49307 13
49331 11
49333 13
49339 19
49363 17
49367 13
49369 11
49391 11
49393 13
49409 29
49411 29
49417 23
49429 11
49433 7
49451 11
49459 19
49463 23
49477 23
49481 19
49499 1
49523 23
49529 29
49531 29
49537 23
49547 13
49549 11
49559 1
49597 23
49603 17
49613 7
49627 7
49633 13
49639 19
49663 17
49667 13
49669 11
49681 1
49697 17
49711 29
49727 13
49739 1
49741 1
49747 7
49757 17
49783 17
49787 13
49789 11
49801 1
49807 7
49811 11
49823 23
49831 29
49843 17
49853 7
49871 11
49877 17
49891 29
49919 1
49921 1
49927 7
49937 17
49939 19
49943 23
49957 23
49991 11
49993 13
49999 19
50021 19
50023 17
50033 7
50047 7
50051 11
50053 13
50069 29
50077 23
50087 13
50093 7
50101 1
50111 11
50119 19
50123 23
50129 29
50131 29
50147 13
50153 7
50159 1
50177 17
50207 13
50221 1
50227 7
50231 11
50261 19
50263 17
50273 7
50287 7
50291 11
50311 29
50321 19
50329 11
50333 7
50341 1
50359 19
50363 23
50377 23
50383 17
50387 13
50411 11
50417 17
50423 23
50441 19
50459 1
50461 1
50497 23
50503 17
50513 7
50527 7
50539 19
50543 23
50549 29
50551 29
50581 1
50587 7
50591 11
50593 13
50599 19
50627 13
50647 7
50651 11
50671 29
50683 17
50707 7
50723 23
50741 19
50753 7
50767 7
50773 13
50777 17
50789 29
50821 1
50833 13
50839 19
50849 29
50857 23
50867 13
50873 7
50891 11
50893 13
50909 29
50923 17
50929 11
50951 11
50957 17
50969 29
50971 29
50989 11
50993 7
51001 1
51031 29
51043 17
51047 13
51059 1
51061 1
51071 11
51109 11
51131 11
51133 13
51137 17
51151 29
51157 23
51169 11
51193 13
51197 17
51199 19
51203 23
51217 23
51229 11
51239 1
51241 1
51257 17
51263 23
51283 17
51287 13
51307 7
51329 29
51341 19
51343 17
51347 13
51349 11
51361 1
51383 23
51407 13
51413 7
51419 1
51421 1
51427 7
51431 11
51437 17
51439 19
51449 29
51461 19
51473 7
51479 1
51481 1
51487 7
51503 23
51511 29
51517 23
51521 19
51539 1
51551 11
51563 23
51577 23
51581 19
51593 7
51599 1
51607 7
51613 13
51631 29
51637 23
51647 13
51659 1
51673 13
51679 19
51683 23
51691 29
51713 7
51719 1
51721 1
51749 29
51767 13
51769 11
51787 7
51797 17
51803 23
51817 23
51827 13
51829 11
51839 1
51853 13
51859 19
51869 29
51871 29
51893 7
51899 1
51907 7
51913 13
51929 29
51941 19
51949 11
51971 11
51973 13
51977 17
51991 29
52009 11
52021 1
52027 7
52051 29
52057 23
52067 13
52069 11
52081 1
52103 23
52121 19
52127 13
52147 7
52153 13
52163 23
52177 23
52181 19
52183 17
52189 11
52201 1
52223 23
52237 23
52249 11
52253 7
52259 1
52267 7
52289 29
52291 29
52301 19
52313 7
52321 1
52361 19
52363 17
52369 11
52379 1
52387 7
52391 11
52433 7
52453 13
52457 17
52489 11
52501 1
52511 11
52517 17
52529 29
52541 19
52543 17
52553 7
52561 1
52567 7
52571 11
52579 19
52583 23
52609 11
52627 7
52631 11
52639 19
52667 13
52673 7
52691 11
52697 17
52709 29
52711 29
52721 19
52727 13
52733 7
52747 7
52757 17
52769 29
52783 17
52807 7
52813 13
52817 17
52837 23
52859 1
52861 1
52879 19
52883 23
52889 29
52901 19
52903 17
52919 1
52937 17
52951 29
52957 23
52963 17
52967 13
52973 7
52981 1
52999 19
53003 23
53017 23
53047 7
53051 11
53069 29
53077 23
53087 13
53089 11
53093 7
53101 1
53113 13
53117 17
53129 29
53147 13
53149 11
53161 1
53171 11
53173 13
53189 29
53197 23
53201 19
53231 11
53233 13
53239 19
53267 13
53269 11
53279 1
53281 1
53299 19
53309 29
53323 17
53327 13
53353 13
53359 19
53377 23
53381 19
53401 1
53407 7
53411 11
53419 19
53437 23
53441 19
53453 7
53479 19
53503 17
53507 13
53527 7
53549 29
53551 29
53569 11
53591 11
53593 13
53597 17
53609 29
53611 29
53617 23
53623 17
53629 11
53633 7
53639 1
53653 13
53657 17
53681 19
53693 7
53699 1
53717 17
53719 19
53731 29
53759 1
53773 13
53777 17
53783 23
53791 29
53813 7
53819 1
53831 11
53849 29
53857 23
53861 19
53881 1
53887 7
53891 11
53897 17
53899 19
53917 23
53923 17
53927 13
53939 1
53951 11
53959 19
53987 13
53993 7
54001 1
54011 11
54013 13
54037 23
54049 11
54059 1
54083 23
54091 29
54101 19
54121 1
54133 13
54139 19
54151 29
54163 17
54167 13
54181 1
54193 13
54217 23
54251 11
54269 29
54277 23
54287 13
54293 7
54311 11
54319 19
54323 23
54331 29
54347 13
54361 1
54367 7
54371 11
54377 17
54401 19
54403 17
54409 11
54413 7
54419 1
54421 1
54437 17
54443 23
54449 29
54469 11
54493 13
54497 17
54499 19
54503 23
54517 23
54521 19
54539 1
54541 1
54547 7
54559 19
54563 23
54577 23
54581 19
54583 17
54601 1
54617 17
54623 23
54629 29
54631 29
54647 13
54667 7
54673 13
54679 19
54709 11
54713 7
54721 1
54727 7
54751 29
54767 13
54773 7
54779 1
54787 7
54799 19
54829 11
54833 7
54851 11
54869 29
54877 23
54881 19
54907 7
54917 17
54919 19
54941 19
54949 11
54959 1
54973 13
54979 19
54983 23
55001 19
55009 11
55021 1
55049 29
55051 29
55057 23
55061 19
55073 7
55079 1
55103 23
55109 29
55117 23
55127 13
55147 7
55163 23
55171 29
55201 1
55207 7
55213 13
55217 17
55219 19
55229 29
55243 17
55249 11
55259 1
55291 29
55313 7
55331 11
55333 13
55337 17
55339 19
55343 23
55351 29
55373 7
55381 1
55399 19
55411 29
55439 1
55441 1
55457 17
55469 29
55487 13
55501 1
55511 11
55529 29
55541 19
55547 13
55579 19
55589 29
55603 17
55609 11
55619 1
55621 1
55631 11
55633 13
55639 19
55661 19
55663 17
55667 13
55673 7
55681 1
55691 11
55697 17
55711 29
55717 23
55721 19
55733 7
55763 23
55787 13
55793 7
55799 1
55807 7
55813 13
55817 17
55819 19
55823 23
55829 29
55837 23
55843 17
55849 11
55871 11
55889 29
55897 23
55901 19
55903 17
55921 1
55927 7
55931 11
55933 13
55949 29
55967 13
55987 7
55997 17
56003 23
56009 29
56039 1
56041 1
56053 13
56081 19
56087 13
56093 7
56099 1
56101 1
56113 13
56123 23
56131 29
56149 11
56167 7
56171 11
56179 19
56197 23
56207 13
56209 11
56237 17
56239 19
56249 29
56263 17
56267 13
56269 11
56299 19
56311 29
56333 7
56359 19
56369 29
56377 23
56383 17
56393 7
56401 1
56417 17
56431 29
56437 23
56443 17
56453 7
56467 7
56473 13
56477 17
56479 19
56489 29
56501 19
56503 17
56509 11
56519 1
56527 7
56531 11
56533 13
56543 23
56569 11
56591 11
56597 17
56599 19
56611 29
56629 11
56633 7
56659 19
56663 23
56671 29
56681 19
56687 13
56701 1
56711 11
56713 13
56731 29
56737 23
56747 13
56767 7
56773 13
56779 19
56783 23
56807 13
56809 11
56813 7
56821 1
56827 7
56843 23
56857 23
56873 7
56891 11
56893 13
56897 17
56909 29
56911 29
56921 19
56923 17
56929 11
56941 1
56951 11
56957 17
56963 23
56983 17
56989 11
56993 7
56999 1
57037 23
57041 19
57047 13
57059 1
57073 13
57077 17
57089 29
57097 23
57107 13
57119 1
57131 11
57139 19
57143 23
57149 29
57163 17
57173 7
57179 1
57191 11
57193 13
57203 23
57221 19
57223 17
57241 1
57251 11
57259 19
57269 29
57271 29
57283 17
57287 13
57301 1
57329 29
57331 29
57347 13
57349 11
57367 7
57373 13
57383 23
57389 29
57397 23
57413 7
57427 7
57457 23
57467 13
57487 7
57493 13
57503 23
57527 13
57529 11
57557 17
57559 19
57571 29
57587 13
57593 7
57601 1
57637 23
57641 19
57649 11
57653 7
57667 7
57679 19
57689 29
57697 23
57709 11
57713 7
57719 1
57727 7
57731 11
57737 17
57751 29
57773 7
57781 1
57787 7
57791 11
57793 13
57803 23
57809 29
57829 11
57839 1
57847 7
57853 13
57859 19
57881 19
57899 1
57901 1
57917 17
57923 23
57943 17
57947 13
57973 13
57977 17
57991 29
58013 7
58027 7
58031 11
58043 23
58049 29
58057 23
58061 19
58067 13
58073 7
58099 19
58109 29
58111 29
58129 11
58147 7
58151 11
58153 13
58169 29
58171 29
58189 11
58193 7
58199 1
58207 7
58211 11
58217 17
58229 29
58231 29
58237 23
58243 17
58271 11
58309 11
58313 7
58321 1
58337 17
58363 17
58367 13
58369 11
58379 1
58391 11
58393 13
58403 23
58411 29
58417 23
58427 13
58439 1
58441 1
58451 11
58453 13
58477 23
58481 19
58511 11
58537 23
58543 17
58549 11
58567 7
58573 13
58579 19
58601 19
58603 17
58613 7
58631 11
58657 23
58661 19
58679 1
58687 7
58693 13
58699 19
58711 29
58727 13
58733 7
58741 1
58757 17
58763 23
58771 29
58787 13
58789 11
58831 29
58889 29
58897 23
58901 19
58907 13
58909 11
58913 7
58921 1
58937 17
58943 23
58963 17
58967 13
58979 1
58991 11
58997 17
59009 29
59011 29
59021 19
59023 17
59029 11
59051 11
59053 13
59063 23
59069 29
59077 23
59083 17
59093 7
59107 7
59113 13
59119 19
59123 23
59141 19
59149 11
59159 1
59167 7
59183 23
59197 23
59207 13
59209 11
59219 1
59221 1
59233 13
59239 19
59243 23
59263 17
59273 7
59281 1
59333 7
59341 1
59351 11
59357 17
59359 19
59369 29
59377 23
59387 13
59393 7
59399 1
59407 7
59417 17
59419 19
59441 19
59443 17
59447 13
59453 7
59467 7
59471 11
59473 13
59497 23
59509 11
59513 7
59539 19
59557 23
59561 19
59567 13
59581 1
59611 29
59617 23
59621 19
59627 13
59629 11
59651 11
59659 19
59663 23
59669 29
59671 29
59693 7
59699 1
59707 7
59723 23
59729 29
59743 17
59747 13
59753 7
59771 11
59779 19
59791 29
59797 23
59809 11
59833 13
59863 17
59879 1
59887 7
59921 19
59929 11
59951 11
59957 17
59971 29
59981 19
59999 1
60013 13
60017 17
60029 29
60037 23
60041 19
60077 17
60083 23
60089 29
60091 29
60101 19
60103 17
60107 13
60127 7
60133 13
60139 19
60149 29
60161 19
60167 13
60169 11
60209 29
60217 23
60223 17
60251 11
60257 17
60259 19
60271 29
60289 11
60293 7
60317 17
60331 29
60337 23
60343 17
60353 7
60373 13
60383 23
60397 23
60413 7
60427 7
60443 23
60449 29
60457 23
60493 13
60497 17
60509 29
60521 19
60527 13
60539 1
60589 11
60601 1
60607 7
60611 11
60617 17
60623 23
60631 29
60637 23
60647 13
60649 11
60659 1
60661 1
60679 19
60689 29
60703 17
60719 1
60727 7
60733 13
60737 17
60757 23
60761 19
60763 17
60773 7
60779 1
60793 13
60811 29
60821 19
60859 19
60869 29
60887 13
60889 11
60899 1
60901 1
60913 13
60917 17
60919 19
60923 23
60937 23
60943 17
60953 7
60961 1
61001 19
61007 13
61027 7
61031 11
61043 23
61051 29
61057 23
61091 11
61099 19
61121 19
61129 11
61141 1
61151 11
61153 13
61169 29
61211 11
61223 23
61231 29
61253 7
61261 1
61283 23
61291 29
61297 23
61331 11
61333 13
61339 19
61343 23
61357 23
61363 17
61379 1
61381 1
61403 23
61409 29
61417 23
61441 1
61463 23
61469 29
61471 29
61483 17
61487 13
61493 7
61507 7
61511 11
61519 19
61543 17
61547 13
61553 7
61559 1
61561 1
61583 23
61603 17
61609 11
61613 7
61627 7
61631 11
61637 17
61643 23
61651 29
61657 23
61667 13
61673 7
61681 1
61687 7
61703 23
61717 23
61723 17
61729 11
61751 11
61757 17
61781 19
61813 13
61819 19
61837 23
61843 17
61861 1
61871 11
61879 19
61909 11
61927 7
61933 13
61949 29
61961 19
61967 13
61979 1
61981 1
61987 7
61991 11
62003 23
62011 29
62017 23
62039 1
62047 7
62053 13
62057 17
62071 29
62081 19
62099 1
62119 19
62129 29
62131 29
62137 23
62141 19
62143 17
62171 11
62189 29
62191 29
62201 19
62207 13
62213 7
62219 1
62233 13
62273 7
62297 17
62299 19
62303 23
62311 29
62323 17
62327 13
62347 7
62351 11
62383 17
62401 1
62417 17
62423 23
62459 1
62467 7
62473 13
62477 17
62483 23
62497 23
62501 19
62507 13
62533 13
62539 19
62549 29
62563 17
62581 1
62591 11
62597 17
62603 23
62617 23
62627 13
62633 7
62639 1
62653 13
62659 19
62683 17
62687 13
62701 1
62723 23
62731 29
62743 17
62753 7
62761 1
62773 13
62791 29
62801 19
62819 1
62827 7
62851 29
62861 19
62869 11
62873 7
62897 17
62903 23
62921 19
62927 13
62929 11
62939 1
62969 29
62971 29
62981 19
62983 17
62987 13
62989 11
63029 29
63031 29
63059 1
63067 7
63073 13
63079 19
63097 23
63103 17
63113 7
63127 7
63131 11
63149 29
63179 1
63197 17
63199 19
63211 29
63241 1
63247 7
63277 23
63281 19
63299 1
63311 11
63313 13
63317 17
63331 29
63337 23
63347 13
63353 7
63361 1
63367 7
63377 17
63389 29
63391 29
63397 23
63409 11
63419 1
63421 1
63439 19
63443 23
63463 17
63467 13
63473 7
63487 7
63493 13
63499 19
63521 19
63527 13
63533 7
63541 1
63559 19
63577 23
63587 13
63589 11
63599 1
63601 1
63607 7
63611 11
63617 17
63629 29
63647 13
63649 11
63659 1
63667 7
63671 11
63689 29
63691 29
63697 23
63703 17
63709 11
63719 1
63727 7
63737 17
63743 23
63761 19
63773 7
63781 1
63793 13
63799 19
63803 23
63809 29
63823 17
63839 1
63841 1
63853 13
63857 17
63863 23
63901 1
63907 7
63913 13
63929 29
63949 11
63977 17
63997 23
64007 13
64013 7
64019 1
64033 13
64037 17
64063 17
64067 13
64081 1
64091 11
64109 29
64123 17
64151 11
64153 13
64157 17
64171 29
64187 13
64189 11
64217 17
64223 23
64231 29
64237 23
64271 11
64279 19
64283 23
64301 19
64303 17
64319 1
64327 7
64333 13
64373 7
64381 1
64399 19
64403 23
64433 7
64439 1
64451 11
64453 13
64483 17
64489 11
64499 1
64513 13
64553 7
64567 7
64577 17
64579 19
64591 29
64601 19
64609 11
64613 7
64621 1
64627 7
64633 13
64661 19
64663 17
64667 13
64679 1
64693 13
64709 29
64717 23
64747 7
64763 23
64781 19
64783 17
64793 7
64811 11
64817 17
64849 11
64853 7
64871 11
64877 17
64879 19
64891 29
64901 19
64919 1
64921 1
64927 7
64937 17
64951 29
64969 11
64997 17
65003 23
65011 29
65027 13
65029 11
65033 7
65053 13
65063 23
65071 29
65089 11
65099 1
65101 1
65111 11
65119 19
65123 23
65129 29
65141 19
65147 13
65167 7
65171 11
65173 13
65179 19
65183 23
65203 17
65213 7
65239 19
65257 23
65267 13
65269 11
65287 7
65293 13
65309 29
65323 17
65327 13
65353 13
65357 17
65371 29
65381 19
65393 7
65407 7
65413 13
65419 19
65423 23
65437 23
65447 13
65449 11
65479 19
65497 23
65519 1
65521 1
65537 17
65539 19
65543 23
65551 29
65557 23
65563 17
65579 1
65581 1
65587 7
65599 19
65609 29
65617 23
65629 11
65633 7
65647 7
65651 11
65657 17
65677 23
65687 13
65699 1
65701 1
65707 7
65713 13
65717 17
65719 19
65729 29
65731 29
65761 1
65777 17
65789 29
65809 11
65827 7
65831 11
65837 17
65839 19
65843 23
65851 29
65867 13
65881 1
65899 19
65921 19
65927 13
65929 11
65951 11
65957 17
65963 23
65981 19
65983 17
65993 7
66029 29
66037 23
66041 19
66047 13
66067 7
66071 11
66083 23
66089 29
66103 17
66107 13
66109 11
66137 17
66161 19
66169 11
66173 7
66179 1
66191 11
66221 19
66239 1
66271 29
66293 7
66301 1
66337 23
66343 17
66347 13
66359 1
66361 1
66373 13
66377 17
66383 23
66403 17
66413 7
66431 11
66449 29
66457 23
66463 17
66467 13
66491 11
66499 19
66509 29
66523 17
66529 11
66533 7
66541 1
66553 13
66569 29
66571 29
66587 13
66593 7
66601 1
66617 17
66629 29
66643 17
66653 7
66683 23
66697 23
66701 19
66713 7
66721 1
66733 13
66739 19
66749 29
66751 29
66763 17
66791 11
66797 17
66809 29
66821 19
66841 1
66851 11
66853 13
66863 23
66877 23
66883 17
66889 11
66919 19
66923 23
66931 29
66943 17
66947 13
66949 11
66959 1
66973 13
66977 17
67003 17
67021 1
67033 13
67043 23
67049 29
67057 23
67061 19
67073 7
67079 1
67103 23
67121 19
67129 11
67139 1
67141 1
67153 13
67157 17
67169 29
67181 19
67187 13
67189 11
67211 11
67213 13
67217 17
67219 19
67231 29
67247 13
67261 1
67271 11
67273 13
67289 29
67307 13
67339 19
67343 23
67349 29
67369 11
67391 11
67399 19
67409 29
67411 29
67421 19
67427 13
67429 11
67433 7
67447 7
67453 13
67477 23
67481 19
67489 11
67493 7
67499 1
67511 11
67523 23
67531 29
67537 23
67547 13
67559 1
67567 7
67577 17
67579 19
67589 29
67601 19
67607 13
67619 1
67631 11
67651 29
67679 1
67699 19
67709 29
67723 17
67733 7
67741 1
67751 11
67757 17
67759 19
67763 23
67777 23
67783 17
67789 11
67801 1
67807 7
67819 19
67829 29
67843 17
67853 7
67867 7
67883 23
67891 29
67901 19
67927 7
67931 11
67933 13
67939 19
67943 23
67957 23
67961 19
67967 13
67979 1
67987 7
67993 13
68023 17
68041 1
68053 13
68059 19
68071 29
68087 13
68099 1
68111 11
68113 13
68141 19
68147 13
68161 1
68171 11
68207 13
68209 11
68213 7
68219 1
68227 7
68239 19
68261 19
68279 1
68281 1
68311 29
68329 11
68351 11
68371 29
68389 11
68399 1
68437 23
68443 17
68447 13
68449 11
68473 13
68477 17
68483 23
68489 29
68491 29
68501 19
68507 13
68521 1
68531 11
68539 19
68543 23
68567 13
68581 1
68597 17
68611 29
68633 7
68639 1
68659 19
68669 29
68683 17
68687 13
68699 1
68711 11
68713 13
68729 29
68737 23
68743 17
68749 11
68767 7
68771 11
68777 17
68791 29
68813 7
68819 1
68821 1
68863 17
68879 1
68881 1
68891 11
68897 17
68899 19
68903 23
68909 29
68917 23
68927 13
68947 7
68963 23
68993 7
69001 1
69011 11
69019 19
69029 29
69031 29
69061 1
69067 7
69073 13
69109 11
69119 1
69127 7
69143 23
69149 29
69151 29
69163 17
69191 11
69193 13
69197 17
69203 23
69221 19
69233 7
69239 1
69247 7
69257 17
69259 19
69263 23
69313 13
69317 17
69337 23
69341 19
69371 11
69379 19
69383 23
69389 29
69401 19
69403 17
69427 7
69431 11
69439 19
69457 23
69463 17
69467 13
69473 7
69481 1
69491 11
69493 13
69497 17
69499 19
69539 1
69557 17
69593 7
69623 23
69653 7
69661 1
69677 17
69691 29
69697 23
69709 11
69737 17
69739 19
69761 19
69763 17
69767 13
69779 1
69809 29
69821 19
69827 13
69829 11
69833 7
69847 7
69857 17
69859 19
69877 23
69899 1
69911 11
69929 29
69931 29
69941 19
69959 1
69991 29
69997 23
70001 19
70003 17
70009 11
70019 1
70039 19
70051 29
70061 19
70067 13
70079 1
70099 19
70111 29
70117 23
70121 19
70123 17
70139 1
70141 1
70157 17
70163 23
70177 23
70181 19
70183 17
70199 1
70201 1
70207 7
70223 23
70229 29
70237 23
70241 19
70249 11
70271 11
70289 29
70297 23
70309 11
70313 7
70321 1
70327 7
70351 29
70373 7
70379 1
70381 1
70393 13
70423 17
70429 11
70439 1
70451 11
70457 17
70459 19
70481 19
70487 13
70489 11
70501 1
70507 7
70529 29
70537 23
70549 11
70571 11
70573 13
70583 23
70589 29
70607 13
70619 1
70621 1
70627 7
70639 19
70657 23
70663 17
70667 13
70687 7
70709 29
70717 23
70729 11
70753 13
70769 29
70783 17
70793 7
70823 23
70841 19
70843 17
70849 11
70853 7
70867 7
70877 17
70879 19
70891 29
70901 19
70913 7
70919 1
70921 1
70937 17
70949 29
70951 29
70957 23
70969 11
70979 1
70981 1
70991 11
70997 17
70999 19
71011 29
71023 17
71039 1
71059 19
71069 29
71081 19
71089 11
71119 19
71129 29
71143 17
71147 13
71153 7
71161 1
71167 7
71171 11
71191 29
71209 11
71233 13
71237 17
71249 29
71257 23
71261 19
71263 17
71287 7
71293 13
71317 23
71327 13
71329 11
71333 7
71339 1
71341 1
71347 7
71353 13
71359 19
71363 23
71387 13
71389 11
71399 1
71411 11
71413 13
71419 19
71429 29
71437 23
71443 17
71453 7
71471 11
71473 13
71479 19
71483 23
71503 17
71527 7
71537 17
71549 29
71551 29
71563 17
71569 11
71593 13
71597 17
71633 7
71647 7
71663 23
71671 29
71693 7
71699 1
71707 7
71711 11
71713 13
71719 19
71741 19
71761 1
71777 17
71789 29
71807 13
71809 11
71821 1
71837 17
71843 23
71849 29
71861 19
71867 13
71879 1
71881 1
71887 7
71899 19
71909 29
71917 23
71933 7
71941 1
71947 7
71963 23
71971 29
71983 17
71987 13
71993 7
71999 1
72019 19
72031 29
72043 17
72047 13
72053 7
72073 13
72077 17
72089 29
72091 29
72101 19
72103 17
72109 11
72139 19
72161 19
72167 13
72169 11
72173 7
72211 29
72221 19
72223 17
72227 13
72229 11
72251 11
72253 13
72269 29
72271 29
72277 23
72287 13
72307 7
72313 13
72337 23
72341 19
72353 7
72367 7
72379 19
72383 23
72421 1
72431 11
72461 19
72467 13
72469 11
72481 1
72493 13
72497 17
72503 23
72533 7
72547 7
72551 11
72559 19
72577 23
72613 13
72617 17
72623 23
72643 17
72647 13
72649 11
72661 1
72671 11
72673 13
72679 19
72689 29
72701 19
72707 13
72719 1
72727 7
72733 13
72739 19
72763 17
72767 13
72797 17
72817 23
72823 17
72859 19
72869 29
72871 29
72883 17
72889 11
72893 7
72901 1
72907 7
72911 11
72923 23
72931 29
72937 23
72949 11
72953 7
72959 1
72973 13
72977 17
72997 23
73009 11
73013 7
73019 1
73037 17
73039 19
73043 23
73061 19
73063 17
73079 1
73091 11
73121 19
73127 13
73133 7
73141 1
73181 19
73189 11
73237 23
73243 17
73259 1
73277 17
73291 29
73303 17
73309 11
73327 7
73331 11
73351 29
73361 19
73363 17
73369 11
73379 1
73387 7
73417 23
73421 19
73433 7
73453 13
73459 19
73471 29
73477 23
73483 17
73517 17
73523 23
73529 29
73547 13
73553 7
73561 1
73571 11
73583 23
73589 29
73597 23
73607 13
73609 11
73613 7
73637 17
73643 23
73651 29
73673 7
73679 1
73681 1
73693 13
73699 19
73709 29
73721 19
73727 13
73751 11
73757 17
73771 29
73783 17
73819 19
73823 23
73847 13
73849 11
73859 1
73867 7
73877 17
73883 23
73897 23
73907 13
73939 19
73943 23
73951 29
73961 19
73973 7
73999 19
74017 23
74021 19
74027 13
74047 7
74051 11
74071 29
74077 23
74093 7
74099 1
74101 1
74131 29
74143 17
74149 11
74159 1
74161 1
74167 7
74177 17
74189 29
74197 23
74201 19
74203 17
74209 11
74219 1
74231 11
74257 23
74279 1
74287 7
74293 13
74297 17
74311 29
74317 23
74323 17
74353 13
74357 17
74363 23
74377 23
74381 19
74383 17
74411 11
74413 13
74419 19
74441 19
74449 11
74453 7
74471 11
74489 29
74507 13
74509 11
74521 1
74527 7
74531 11
74551 29
74561 19
74567 13
74573 7
74587 7
74597 17
74609 29
74611 29
74623 17
74653 13
74687 13
74699 1
74707 7
74713 13
74717 17
74719 19
74729 29
74731 29
74747 13
74759 1
74761 1
74771 11
74779 19
74797 23
74821 1
74827 7
74831 11
74843 23
74857 23
74861 19
74869 11
74873 7
74887 7
74891 11
74897 17
74903 23
74923 17
74929 11
74933 7
74941 1
74959 19
75011 11
75013 13
75017 17
75029 29
75037 23
75041 19
75079 19
75083 23
75109 11
75133 13
75149 29
75161 19
75167 13
75169 11
75181 1
75193 13
75209 29
75211 29
75217 23
75223 17
75227 13
75239 1
75253 13
75269 29
75277 23
75289 11
75307 7
75323 23
75329 29
75337 23
75347 13
75353 7
75367 7
75377 17
75389 29
75391 29
75401 19
75403 17
75407 13
75431 11
75437 17
75479 1
75503 23
75511 29
75521 19
75527 13
75533 7
75539 1
75541 1
75553 13
75557 17
75571 29
75577 23
75583 17
75611 11
75617 17
75619 19
75629 29
75641 19
75653 7
75659 1
75679 19
75683 23
75689 29
75703 17
75707 13
75709 11
75721 1
75731 11
75743 23
75767 13
75773 7
75781 1
75787 7
75793 13
75797 17
75821 19
75833 7
75853 13
75869 29
75883 17
75913 13
75931 29
75937 23
75941 19
75967 7
75979 19
75983 23
75989 29
75991 29
75997 23
76001 19
76003 17
76031 11
76039 19
76079 1
76081 1
76091 11
76099 19
76103 23
76123 17
76129 11
76147 7
76157 17
76159 19
76163 23
76207 7
76213 13
76231 29
76243 17
76249 11
76253 7
76259 1
76261 1
76283 23
76289 29
76303 17
76333 13
76343 23
76367 13
76369 11
76379 1
76387 7
76403 23
76421 19
76423 17
76441 1
76463 23
76471 29
76481 19
76487 13
76493 7
76507 7
76511 11
76519 19
76537 23
76541 19
76543 17
76561 1
76579 19
76597 23
76603 17
76607 13
76631 11
76649 29
76651 29
76667 13
76673 7
76679 1
76697 17
76717 23
76733 7
76753 13
76757 17
76771 29
76777 23
76781 19
76801 1
76819 19
76829 29
76831 29
76837 23
76847 13
76871 11
76873 13
76883 23
76907 13
76913 7
76919 1
76943 23
76949 29
76961 19
76963 17
76991 11
77003 23
77017 23
77023 17
77029 11
77041 1
77047 7
77069 29
77081 19
77093 7
77101 1
77137 23
77141 19
77153 7
77167 7
77171 11
77191 29
77201 19
77213 7
77237 17
77239 19
77243 23
77249 29
77261 19
77263 17
77267 13
77269 11
77279 1
77291 11
77317 23
77323 17
77339 1
77347 7
77351 11
77359 19
77369 29
77377 23
77383 17
77417 17
77419 19
77431 29
77447 13
77471 11
77477 17
77479 19
77489 29
77491 29
77509 11
77513 7
77521 1
77527 7
77543 23
77549 29
77551 29
77557 23
77563 17
77569 11
77573 7
77587 7
77591 11
77611 29
77617 23
77621 19
77641 1
77647 7
77659 19
77681 19
77687 13
77689 11
77699 1
77711 11
77713 13
77719 19
77723 23
77731 29
77743 17
77747 13
77761 1
77773 13
77783 23
77797 23
77801 19
77813 7
77839 19
77849 29
77863 17
77867 13
77893 13
77899 19
77929 11
77933 7
77951 11
77969 29
77977 23
77983 17
77999 1
78007 7
78017 17
78031 29
78041 19
78049 11
78059 1
78079 19
78101 19
78121 1
78137 17
78139 19
78157 23
78163 17
78167 13
78173 7
78179 1
78191 11
78193 13
78203 23
78229 11
78233 7
78241 1
78259 19
78277 23
78283 17
78301 1
78307 7
78311 11
78317 17
78341 19
78347 13
78367 7
78401 19
78427 7
78437 17
78439 19
78467 13
78479 1
78487 7
78497 17
78509 29
78511 29
78517 23
78539 1
78541 1
78553 13
78569 29
78571 29
78577 23
78583 17
78593 7
78607 7
78623 23
78643 17
78649 11
78653 7
78691 29
78697 23
78707 13
78713 7
78721 1
78737 17
78779 1
78781 1
78787 7
78791 11
78797 17
78803 23
78809 29
78823 17
78839 1
78853 13
78857 17
78877 23
78887 13
78889 11
78893 7
78901 1
78919 19
78929 29
78941 19
78977 17
78979 19
78989 29
79031 11
79039 19
79043 23
79063 17
79087 7
79103 23
79111 29
79133 7
79139 1
79147 7
79151 11
79153 13
79159 19
79181 19
79187 13
79193 7
79201 1
79229 29
79231 29
79241 19
79259 1
79273 13
79279 19
79283 23
79301 19
79309 11
79319 1
79333 13
79337 17
79349 29
79357 23
79367 13
79379 1
79393 13
79397 17
79399 19
79411 29
79423 17
79427 13
79433 7
79451 11
79481 19
79493 7
79531 29
79537 23
79549 11
79559 1
79561 1
79579 19
79589 29
79601 19
79609 11
79613 7
79621 1
79627 7
79631 11
79633 13
79657 23
79669 11
79687 7
79691 11
79693 13
79697 17
79699 19
79757 17
79769 29
79777 23
79801 1
79811 11
79813 13
79817 17
79823 23
79829 29
79841 19
79843 17
79847 13
79861 1
79867 7
79873 13
79889 29
79901 19
79903 17
79907 13
79939 19
79943 23
79967 13
79973 7
79979 1
79987 7
79997 17
79999 19
80021 19
80039 1
80051 11
80071 29
80077 23
80107 7
80111 11
80141 19
80147 13
80149 11
80153 7
80167 7
80173 13
80177 17
80191 29
80207 13
80209 11
80221 1
80231 11
80233 13
80239 19
80251 29
80263 17
80273 7
80279 1
80287 7
80309 29
80317 23
80329 11
80341 1
80347 7
80363 23
80369 29
80387 13
80407 7
80429 29
80447 13
80449 11
80471 11
80473 13
80489 29
80491 29
80513 7
80527 7
80537 17
80557 23
80567 13
80599 19
80603 23
80611 29
80621 19
80627 13
80629 11
80651 11
80657 17
80669 29
80671 29
80677 23
80681 19
80683 17
80687 13
80701 1
80713 13
80737 23
80747 13
80749 11
80761 1
80777 17
80779 19
80783 23
80789 29
80803 17
80809 11
80819 1
80831 11
80833 13
80849 29
80863 17
80897 17
80909 29
80911 29
80917 23
80923 17
80929 11
80933 7
80953 13
80963 23
80989 11
81001 1
81013 13
81017 17
81019 19
81023 23
81031 29
81041 19
81043 17
81047 13
81049 11
81071 11
81077 17
81083 23
81097 23
81101 19
81119 1
81131 11
81157 23
81163 17
81173 7
81181 1
81197 17
81199 19
81203 23
81223 17
81233 7
81239 1
81281 19
81283 17
81293 7
81299 1
81307 7
81331 29
81343 17
81349 11
81353 7
81359 1
81371 11
81373 13
81401 19
81409 11
81421 1
81439 19
81457 23
81463 17
81509 29
81517 23
81527 13
81533 7
81547 7
81551 11
81553 13
81559 19
81563 23
81569 29
81611 11
81619 19
81629 29
81637 23
81647 13
81649 11
81667 7
81671 11
81677 17
81689 29
81701 19
81703 17
81707 13
81727 7
81737 17
81749 29
81761 19
81769 11
81773 7
81799 19
81817 23
81839 1
81847 7
81853 13
81869 29
81883 17
81899 1
81901 1
81919 19
81929 29
81931 29
81937 23
81943 17
81953 7
81967 7
81971 11
81973 13
82003 17
82007 13
82009 11
82013 7
82021 1
82031 11
82037 17
82039 19
82051 29
82067 13
82073 7
82129 11
82139 1
82141 1
82153 13
82163 23
82171 29
82183 17
82189 11
82193 7
82207 7
82217 17
82219 19
82223 23
82231 29
82237 23
82241 19
82261 1
82267 7
82279 19
82301 19
82307 13
82339 19
82349 29
82351 29
82361 19
82373 7
82387 7
82393 13
82421 19
82457 17
82463 23
82469 29
82471 29
82483 17
82487 13
82493 7
82499 1
82507 7
82529 29
82531 29
82549 11
82559 1
82561 1
82567 7
82571 11
82591 29
82601 19
82609 11
82613 7
82619 1
82633 13
82651 29
82657 23
82699 19
82721 19
82723 17
82727 13
82729 11
82757 17
82759 19
82763 23
82781 19
82787 13
82793 7
82799 1
82811 11
82813 13
82837 23
82847 13
82883 23
82889 29
82891 29
82903 17
82913 7
82939 19
82963 17
82981 1
82997 17
83003 23
83009 29
83023 17
83047 7
83059 19
83063 23
83071 29
83077 23
83089 11
83093 7
83101 1
83117 17
83137 23
83177 17
83203 17
83207 13
83219 1
83221 1
83227 7
83231 11
83233 13
83243 23
83257 23
83267 13
83269 11
83273 7
83299 19
83311 29
83339 1
83341 1
83357 17
83383 17
83389 11
83399 1
83401 1
83407 7
83417 17
83423 23
83431 29
83437 23
83443 17
83449 11
83459 1
83471 11
83477 17
83497 23
83537 17
83557 23
83561 19
83563 17
83579 1
83591 11
83597 17
83609 29
83617 23
83621 19
83639 1
83641 1
83653 13
83663 23
83689 11
83701 1
83717 17
83719 19
83737 23
83761 1
83773 13
83777 17
83791 29
83813 7
83833 13
83843 23
83857 23
83869 11
83873 7
83891 11
83903 23
83911 29
83921 19
83933 7
83939 1
83969 29
83983 17
83987 13
84011 11
84017 17
84047 13
84053 7
84059 1
84061 1
84067 7
84089 29
84121 1
84127 7
84131 11
84137 17
84143 23
84163 17
84179 1
84181 1
84191 11
84199 19
84211 29
84221 19
84223 17
84229 11
84239 1
84247 7
84263 23
84299 1
84307 7
84313 13
84317 17
84319 19
84347 13
84349 11
84377 17
84389 29
84391 29
84401 19
84407 13
84421 1
84431 11
84437 17
84443 23
84449 29
84457 23
84463 17
84467 13
84481 1
84499 19
84503 23
84509 29
84521 19
84523 17
84533 7
84551 11
84559 19
84589 11
84629 29
84631 29
84649 11
84653 7
84659 1
84673 13
84691 29
84697 23
84701 19
84713 7
84719 1
84731 11
84737 17
84751 29
84761 19
84787 7
84793 13
84809 29
84811 29
84827 13
84857 17
84859 19
84869 29
84871 29
84913 13
84919 19
84947 13
84961 1
84967 7
84977 17
84979 19
84991 29
85009 11
85021 1
85027 7
85037 17
85049 29
85061 19
85081 1
85087 7
85091 11
85093 13
85103 23
85109 29
85121 19
85133 7
85147 7
85159 19
85193 7
85199 1
85201 1
85213 13
85223 23
85229 29
85237 23
85243 17
85247 13
85259 1
85297 23
85303 17
85313 7
85331 11
85333 13
85361 19
85363 17
85369 11
85381 1
85411 29
85427 13
85429 11
85439 1
85447 7
85451 11
85453 13
85469 29
85487 13
85513 13
85517 17
85523 23
85531 29
85549 11
85571 11
85577 17
85597 23
85601 19
85607 13
85619 1
85621 1
85627 7
85639 19
85643 23
85661 19
85667 13
85669 11
85691 11
85703 23
85711 29
85717 23
85733 7
85751 11
85781 19
85793 7
85817 17
85819 19
85829 29
85831 29
85837 23
85843 17
85847 13
85853 7
85889 29
85903 17
85909 11
85931 11
85933 13
85991 11
85999 19
86011 29
86017 23
86027 13
86029 11
86069 29
86077 23
86083 17
86111 11
86113 13
86117 17
86131 29
86137 23
86143 17
86161 1
86171 11
86179 19
86183 23
86197 23
86201 19
86209 11
86239 19
86243 23
86249 29
86257 23
86263 17
86269 11
86287 7
86291 11
86293 13
86297 17
86311 29
86323 17
86341 1
86351 11
86353 13
86357 17
86369 29
86371 29
86381 19
86389 11
86399 1
86413 13
86423 23
86441 19
86453 7
86461 1
86467 7
86477 17
86491 29
86501 19
86509 11
86531 11
86533 13
86539 19
86561 19
86573 7
86579 1
86587 7
86599 19
86627 13
86629 11
86677 23
86689 11
86693 7
86711 11
86719 19
86729 29
86743 17
86753 7
86767 7
86771 11
86783 23
86813 7
86837 17
86843 23
86851 29
86857 23
86861 19
86869 11
86923 17
86927 13
86929 11
86939 1
86951 11
86959 19
86969 29
86981 19
86993 7
87011 11
87013 13
87037 23
87041 19
87049 11
87071 11
87083 23
87103 17
87107 13
87119 1
87121 1
87133 13
87149 29
87151 29
87179 1
87181 1
87187 7
87211 29
87221 19
87223 17
87251 11
87253 13
87257 17
87277 23
87281 19
87293 7
87299 1
87313 13
87317 17
87323 23
87337 23
87359 1
87383 23
87403 17
87407 13
87421 1
87427 7
87433 13
87443 23
87473 7
87481 1
87491 11
87509 29
87511 29
87517 23
87523 17
87539 1
87541 1
87547 7
87553 13
87557 17
87559 19
87583 17
87587 13
87589 11
87613 13
87623 23
87629 29
87631 29
87641 19
87643 17
87649 11
87671 11
87679 19
87683 23
87691 29
87697 23
87701 19
87719 1
87721 1
87739 19
87743 23
87751 29
87767 13
87793 13
87797 17
87803 23
87811 29
87833 7
87853 13
87869 29
87877 23
87881 19
87887 13
87911 11
87917 17
87931 29
87943 17
87959 1
87961 1
87973 13
87977 17
87991 29
88001 19
88003 17
88007 13
88019 1
88037 17
88069 11
88079 1
88093 13
88117 23
88129 11
88169 29
88177 23
88211 11
88223 23
88237 23
88241 19
88259 1
88261 1
88289 29
88301 19
88321 1
88327 7
88337 17
88339 19
88379 1
88397 17
88411 29
88423 17
88427 13
88463 23
88469 29
88471 29
88493 7
88499 1
88513 13
88523 23
88547 13
88589 29
88591 29
88607 13
88609 11
88643 23
88651 29
88657 23
88661 19
88663 17
88667 13
88681 1
88721 19
88729 11
88741 1
88747 7
88771 29
88789 11
88793 7
88799 1
88801 1
88807 7
88811 11
88813 13
88817 17
88819 19
88843 17
88853 7
88861 1
88867 7
88873 13
88883 23
88897 23
88903 17
88919 1
88937 17
88951 29
88969 11
88993 13
88997 17
89003 23
89009 29
89017 23
89021 19
89041 1
89051 11
89057 17
89069 29
89071 29
89083 17
89087 13
89101 1
89107 7
89113 13
89119 19
89123 23
89137 23
89153 7
89189 29
89203 17
89209 11
89213 7
89227 7
89231 11
89237 17
89261 19
89269 11
89273 7
89293 13
89303 23
89317 23
89329 11
89363 23
89371 29
89381 19
89387 13
89393 7
89399 1
89413 13
89417 17
89431 29
89443 17
89449 11
89459 1
89477 17
89491 29
89501 19
89513 7
89519 1
89521 1
89527 7
89533 13
89561 19
89563 17
89567 13
89591 11
89597 17
89599 19
89603 23
89611 29
89627 13
89633 7
89653 13
89657 17
89659 19
89669 29
89671 29
89681 19
89689 11
89753 7
89759 1
89767 7
89779 19
89783 23
89797 23
89809 11
89819 1
89821 1
89833 13
89839 19
89849 29
89867 13
89891 11
89897 17
89899 19
89909 29
89917 23
89923 17
89939 1
89959 19
89963 23
89977 23
89983 17
89989 11
90001 1
90007 7
90011 11
90017 17
90019 19
90023 23
90031 29
90053 7
90059 1
90067 7
90071 11
90073 13
90089 29
90107 13
90121 1
90127 7
90149 29
90163 17
90173 7
90187 7
90191 11
90197 17
90199 19
90203 23
90217 23
90227 13
90239 1
90247 7
90263 23
90271 29
90281 19
90289 11
90313 13
90353 7
90359 1
90371 11
90373 13
90379 19
90397 23
90401 19
90403 17
90407 13
90437 17
90439 19
90469 11
90473 7
90481 1
90499 19
90511 29
90523 17
90527 13
90529 11
90533 7
90547 7
90583 17
90599 1
90617 17
90619 19
90631 29
90641 19
90647 13
90659 1
90677 17
90679 19
90697 23
90703 17
90709 11
90731 11
90749 29
90787 7
90793 13
90803 23
90821 19
90823 17
90833 7
90841 1
90847 7
90863 23
90887 13
90901 1
90907 7
90911 11
90917 17
90931 29
90947 13
90971 11
90977 17
90989 29
90997 23
91009 11
91019 1
91033 13
91079 1
91081 1
91097 17
91099 19
91121 19
91127 13
91129 11
91139 1
91141 1
91151 11
91153 13
91159 19
91163 23
91183 17
91193 7
91199 1
91229 29
91237 23
91243 17
91249 11
91253 7
91283 23
91291 29
91297 23
91303 17
91309 11
91331 11
91367 13
91369 11
91373 7
91381 1
91387 7
91393 13
91397 17
91411 29
91423 17
91433 7
91453 13
91457 17
91459 19
91463 23
91493 7
91499 1
91513 13
91529 29
91541 19
91571 11
91573 13
91577 17
91583 23
91591 29
91621 1
91631 11
91639 19
91673 7
91691 11
91703 23
91711 29
91733 7
91753 13
91757 17
91771 29
91781 19
91801 1
91807 7
91811 11
91813 13
91823 23
91837 23
91841 19
91867 7
91873 13
91909 11
91921 1
91939 19
91943 23
91951 29
91957 23
91961 19
91967 13
91969 11
91997 17
92003 23
92009 29
92033 7
92041 1
92051 11
92077 23
92083 17
92107 7
92111 11
92119 19
92143 17
92153 7
92173 13
92177 17
92179 19
92189 29
92203 17
92219 1
92221 1
92227 7
92233 13
92237 17
92243 23
92251 29
92269 11
92297 17
92311 29
92317 23
92333 7
92347 7
92353 13
92357 17
92363 23
92369 29
92377 23
92381 19
92383 17
92387 13
92399 1
92401 1
92413 13
92419 19
92431 29
92459 1
92461 1
92467 7
92479 19
92489 29
92503 17
92507 13
92551 29
92557 23
92567 13
92569 11
92581 1
92593 13
92623 17
92627 13
92639 1
92641 1
92647 7
92657 17
92669 29
92671 29
92681 19
92683 17
92693 7
92699 1
92707 7
92717 17
92723 23
92737 23
92753 7
92761 1
92767 7
92779 19
92789 29
92791 29
92801 19
92809 11
92821 1
92831 11
92849 29
92857 23
92861 19
92863 17
92867 13
92893 13
92899 19
92921 19
92927 13
92941 1
92951 11
92957 17
92959 19
92987 13
92993 7
93001 1
93047 13
93053 7
93059 1
93077 17
93083 23
93089 29
93097 23
93103 17
93113 7
93131 11
93133 13
93139 19
93151 29
93169 11
93179 1
93187 7
93199 19
93229 11
93239 1
93241 1
93251 11
93253 13
93257 17
93263 23
93281 19
93283 17
93287 13
93307 7
93319 19
93323 23
93329 29
93337 23
93371 11
93377 17
93383 23
93407 13
93419 1
93427 7
93463 17
93479 1
93481 1
93487 7
93491 11
93493 13
93497 17
93503 23
93523 17
93529 11
93553 13
93557 17
93559 19
93563 23
93581 19
93601 1
93607 7
93629 29
93637 23
93683 23
93701 19
93703 17
93719 1
93739 19
93761 19
93763 17
93787 7
93809 29
93811 29
93827 13
93851 11
93871 29
93887 13
93889 11
93893 7
93901 1
93911 11
93913 13
93923 23
93937 23
93941 19
93949 11
93967 7
93971 11
93979 19
93983 23
93997 23
94007 13
94009 11
94033 13
94049 29
94057 23
94063 17
94079 1
94099 19
94109 29
94111 29
94117 23
94121 19
94151 11
94153 13
94169 29
94201 1
94207 7
94219 19
94229 29
94253 7
94261 1
94273 13
94291 29
94307 13
94309 11
94321 1
94327 7
94331 11
94343 23
94349 29
94351 29
94379 1
94397 17
94399 19
94421 19
94427 13
94433 7
94439 1
94441 1
94447 7
94463 23
94477 23
94483 17
94513 13
94529 29
94531 29
94541 19
94543 17
94547 13
94559 1
94561 1
94573 13
94583 23
94597 23
94603 17
94613 7
94621 1
94649 29
94651 29
94687 7
94693 13
94709 29
94723 17
94727 13
94747 7
94771 29
94777 23
94781 19
94789 11
94793 7
94811 11
94819 19
94823 23
94837 23
94841 19
94847 13
94849 11
94873 13
94889 29
94903 17
94907 13
94933 13
94949 29
94951 29
94961 19
94993 13
94999 19
95003 23
95009 29
95021 19
95027 13
95063 23
95071 29
95083 17
95087 13
95089 11
95093 7
95101 1
95107 7
95111 11
95131 29
95143 17
95153 7
95177 17
95189 29
95191 29
95203 17
95213 7
95219 1
95231 11
95233 13
95239 19
95257 23
95261 19
95267 13
95273 7
95279 1
95287 7
95311 29
95317 23
95327 13
95339 1
95369 29
95383 17
95393 7
95401 1
95413 13
95419 19
95429 29
95441 19
95443 17
95461 1
95467 7
95471 11
95479 19
95483 23
95507 13
95527 7
95531 11
95539 19
95549 29
95561 19
95569 11
95581 1
95597 17
95603 23
95617 23
95621 19
95629 11
95633 7
95651 11
95701 1
95707 7
95713 13
95717 17
95723 23
95731 29
95737 23
95747 13
95773 13
95783 23
95789 29
95791 29
95801 19
95803 17
95813 7
95819 1
95857 23
95869 11
95873 7
95881 1
95891 11
95911 29
95917 23
95923 17
95929 11
95947 7
95957 17
95959 19
95971 29
95987 13
95989 11
96001 1
96013 13
96017 17
96043 17
96053 7
96059 1
96079 19
96097 23
96137 17
96149 29
96157 23
96167 13
96179 1
96181 1
96199 19
96211 29
96221 19
96223 17
96233 7
96259 19
96263 23
96269 29
96281 19
96289 11
96293 7
96323 23
96329 29
96331 29
96337 23
96353 7
96377 17
96401 19
96419 1
96431 11
96443 23
96451 29
96457 23
96461 19
96469 11
96479 1
96487 7
96493 13
96497 17
96517 23
96527 13
96553 13
96557 17
96581 19
96587 13
96589 11
96601 1
96643 17
96661 1
96667 7
96671 11
96697 23
96703 17
96731 11
96737 17
96739 19
96749 29
96757 23
96763 17
96769 11
96779 1
96787 7
96797 17
96799 19
96821 19
96823 17
96827 13
96847 7
96851 11
96857 17
96893 7
96907 7
96911 11
96931 29
96953 7
96959 1
96973 13
96979 19
96989 29
96997 23
97001 19
97003 17
97007 13
97021 1
97039 19
97073 7
97081 1
97103 23
97117 23
97127 13
97151 11
97157 17
97159 19
97169 29
97171 29
97177 23
97187 13
97213 13
97231 29
97241 19
97259 1
97283 23
97301 19
97303 17
97327 7
97367 13
97369 11
97373 7
97379 1
97381 1
97387 7
97397 17
97423 17
97429 11
97441 1
97453 13
97459 19
97463 23
97499 1
97501 1
97511 11
97523 23
97547 13
97549 11
97553 7
97561 1
97571 11
97577 17
97579 19
97583 23
97607 13
97609 11
97613 7
97649 29
97651 29
97673 7
97687 7
97711 29
97729 11
97771 29
97777 23
97787 13
97789 11
97813 13
97829 29
97841 19
97843 17
97847 13
97849 11
97859 1
97861 1
97871 11
97879 19
97883 23
97919 1
97927 7
97931 11
97943 23
97961 19
97967 13
97973 7
97987 7
98009 29
98011 29
98017 23
98041 1
98047 7
98057 17
98081 19
98101 1
98123 23
98129 29
98143 17
98179 19
98207 13
98213 7
98221 1
98227 7
98251 29
98257 23
98269 11
98297 17
98299 19
98317 23
98321 19
98323 17
98327 13
98347 7
98369 29
98377 23
98387 13
98389 11
98407 7
98411 11
98419 19
98429 29
98443 17
98453 7
98459 1
98467 7
98473 13
98479 19
98491 29
98507 13
98519 1
98533 13
98543 23
98561 19
98563 17
98573 7
98597 17
98621 19
98627 13
98639 1
98641 1
98663 23
98669 29
98689 11
98711 11
98713 13
98717 17
98729 29
98731 29
98737 23
98773 13
98779 19
98801 19
98807 13
98809 11
98837 17
98849 29
98867 13
98869 11
98873 7
98887 7
98893 13
98897 17
98899 19
98909 29
98911 29
98927 13
98929 11
98939 1
98947 7
98953 13
98963 23
98981 19
98993 7
98999 1
99013 13
99017 17
99023 23
99041 19
99053 7
99079 19
99083 23
99089 29
99103 17
99109 11
99119 1
99131 11
99133 13
99137 17
99139 19
99149 29
99173 7
99181 1
99191 11
99223 17
99233 7
99241 1
99251 11
99257 17
99259 19
99277 23
99289 11
99317 17
99347 13
99349 11
99367 7
99371 11
99377 17
99391 29
99397 23
99401 19
99409 11
99431 11
99439 19
99469 11
99487 7
99497 17
99523 17
99527 13
99529 11
99551 11
99559 19
99563 23
99571 29
99577 23
99581 19
99607 7
99611 11
99623 23
99643 17
99661 1
99667 7
99679 19
99689 29
99707 13
99709 11
99713 7
99719 1
99721 1
99733 13
99761 19
99767 13
99787 7
99793 13
99809 29
99817 23
99823 17
99829 11
99833 7
99839 1
99859 19
99871 29
99877 23
99881 19
99901 1
99907 7
99923 23
99929 29
99961 1
99971 11
99989 29
99991 29
